3000	1.772420168	0.016888063
2999	1.769628167	0.016996983
2998	1.772106051	0.016900282
2997	1.773829937	0.016833331
2996	1.776598096	0.016726378
2995	1.773803592	0.016834352
2994	1.774584889	0.016804094
2993	1.778003693	0.01667233
2992	1.779284239	0.016623243
2991	1.783801794	0.016451224
2990	1.780820012	0.016564563
2989	1.779494286	0.016615205
2988	1.776352644	0.016735834
2987	1.787562847	0.016309369
2986	1.78701663	0.016329894
2985	1.782292843	0.016508483
2984	1.782998204	0.016481692
2983	1.786136866	0.016363008
2982	1.790864587	0.016185846
2981	1.787484527	0.01631231
2980	1.791023493	0.016179925
2979	1.792775631	0.01611478
2978	1.790911317	0.016184105
2977	1.798700213	0.015896437
2976	1.794626594	0.016046245
2975	1.797609806	0.015936399
2974	1.792391896	0.016129025
2973	1.796672344	0.015970836
2972	1.799390674	0.015871184
2971	1.801604271	0.015790494
2970	1.802310586	0.015764834
2969	1.802438974	0.015760175
2968	1.801699519	0.015787032
2967	1.8038131	0.015710388
2966	1.806101203	0.015627834
2965	1.803894043	0.01570746
2964	1.806705356	0.015606109
2963	1.803339362	0.015727534
2962	1.804993987	0.015667728
2961	1.809977055	0.015488984
2960	1.806341648	0.015619184
2959	1.811339617	0.015440465
2958	1.808502674	0.015541657
2957	1.808184385	0.015553052
2956	1.806311727	0.015620261
2955	1.809688926	0.015499264
2954	1.810053229	0.015486268
2953	1.80982399	0.015494444
2952	1.809638619	0.015501059
2951	1.809690595	0.015499204
2950	1.815352082	0.015298467
2949	1.812605977	0.015395508
2948	1.810727596	0.01546224
2947	1.812938333	0.015383731
2946	1.812784553	0.015389179
2945	1.816760182	0.015248946
2944	1.813317418	0.015370308
2943	1.813652277	0.015358462
2942	1.812150955	0.015411647
2941	1.816048622	0.01527395
2940	1.81137979	0.015439037
2939	1.818087101	0.015202426
2938	1.81690228	0.015243957
2937	1.815062046	0.015308687
2936	1.815240741	0.01530239
2935	1.819270492	0.015161058
2934	1.817869544	0.015210043
2933	1.81943357	0.015155366
2932	1.819224358	0.015162669
2931	1.819484234	0.015153598
2930	1.819914699	0.015138586
2929	1.818639398	0.015183105
2928	1.819550872	0.015151273
2927	1.824094892	0.014993572
2926	1.821903825	0.015069407
2925	1.820961118	0.015102154
2924	1.822759986	0.015039729
2923	1.822992086	0.015031694
2922	1.826952338	0.014895245
2921	1.826290369	0.014917967
2920	1.825659752	0.014939644
2919	1.828805923	0.014831807
2918	1.826943159	0.01489556
2917	1.829260707	0.014816284
2916	1.83150506	0.014739914
2915	1.832474351	0.014707053
2914	1.83274889	0.014697759
2913	1.829785943	0.014798376
2912	1.832154036	0.014717904
2911	1.833038926	0.014687946
2910	1.835004807	0.01462161
2909	1.835715652	0.014597697
2908	1.839569926	0.014468719
2907	1.83679688	0.0145614
2906	1.83748734	0.014538268
2905	1.839535832	0.014469855
2904	1.836729765	0.01456365
2903	1.836126447	0.014583896
2902	1.838319421	0.01451044
2901	1.838837862	0.014493128
2900	1.840803027	0.014427696
2899	1.84028101	0.014445048
2898	1.843147159	0.014350031
2897	1.841584086	0.014401771
2896	1.842848539	0.014359902
2895	1.842260599	0.014379355
2894	1.845768094	0.01426369
2893	1.843556404	0.014336515
2892	1.841427803	0.014406955
2891	1.844789505	0.014295867
2890	1.844972849	0.014289833
2889	1.844469547	0.014306403
2888	1.844134331	0.01431745
2887	1.842914701	0.014357714
2886	1.846830726	0.014228833
2885	1.842840433	0.01436017
2884	1.843550682	0.014336704
2883	1.845143557	0.014284217
2882	1.847094297	0.0142202
2881	1.844602704	0.014302017
2880	1.846470118	0.014240652
2879	1.849572062	0.014139301
2878	1.846267939	0.014247283
2877	1.848691344	0.014168004
2876	1.849607587	0.014138144
2875	1.850057006	0.014123521
2874	1.850264192	0.014116785
2873	1.851888776	0.014064077
2872	1.850925803	0.014095296
2871	1.84934175	0.014146801
2870	1.850282073	0.014116204
2869	1.852130651	0.014056246
2868	1.854138374	0.013991415
2867	1.855236888	0.013956069
2866	1.85192287	0.014062973
2865	1.853583455	0.014009304
2864	1.853741884	0.014004194
2863	1.855400443	0.013950814
2862	1.85626173	0.013923175
2861	1.856747746	0.013907602
2860	1.854450226	0.013981371
2859	1.855962276	0.013932778
2858	1.857188582	0.013893492
2857	1.857341051	0.013888615
2856	1.85933888	0.013824872
2855	1.858702183	0.013845155
2854	1.858318686	0.013857386
2853	1.860822797	0.013777715
2852	1.860426188	0.013790303
2851	1.857979536	0.013868212
2850	1.858822584	0.013841317
2849	1.86177218	0.01374763
2848	1.859447122	0.013821427
2847	1.860806704	0.013778226
2846	1.861758709	0.013748056
2845	1.859737396	0.013812192
2844	1.861078382	0.013769609
2843	1.862810373	0.013714805
2842	1.860725284	0.013780809
2841	1.858912826	0.013838441
2840	1.858084083	0.013864874
2839	1.862177372	0.013734809
2838	1.862900972	0.013711944
2837	1.862179995	0.013734726
2836	1.860798478	0.013778487
2835	1.85961628	0.013816044
2834	1.858039618	0.013866293
2833	1.860111117	0.013800311
2832	1.859414697	0.013822459
2831	1.857582808	0.013880886
2830	1.859173179	0.013830148
2829	1.857973099	0.013868417
2828	1.857722998	0.013876406
2827	1.858702898	0.013845132
2826	1.855531931	0.013946591
2825	1.85297823	0.01402884
2824	1.854908109	0.013966638
2823	1.85458982	0.013976878
2822	1.851873279	0.014064578
2821	1.851357579	0.014081289
2820	1.847276211	0.014214245
2819	1.84915626	0.014152845
2818	1.846301675	0.014246177
2817	1.845043659	0.014287503
2816	1.846111417	0.014252419
2815	1.842210174	0.014381024
2814	1.841105819	0.01441764
2813	1.837910652	0.014524104
2812	1.836005926	0.014587944
2811	1.836551547	0.014569628
2810	1.834899426	0.014625158
2809	1.832142234	0.014718304
2808	1.829350591	0.014813218
2807	1.832551718	0.014704433
2806	1.827630639	0.014871999
2805	1.826348901	0.014915956
2804	1.825560451	0.01494306
2803	1.823281884	0.015021667
2802	1.820825815	0.015106859
2801	1.816110134	0.015271787
2800	1.810306191	0.01547725
2799	1.810358047	0.015475402
2798	1.807823062	0.015565997
2797	1.803753257	0.015712553
2796	1.802715898	0.015750129
2795	1.802155614	0.015770461
2794	1.799702764	0.015859783
2793	1.796828628	0.01596509
2792	1.791901708	0.01614724
2791	1.789317131	0.016243622
2790	1.788182855	0.016286102
2789	1.781961441	0.016521085
2788	1.777754068	0.016681916
2787	1.774400115	0.016811245
2786	1.769581556	0.016998807
2785	1.763618469	0.017233819
2784	1.757517219	0.01747764
2783	1.755521059	0.017558158
2782	1.74948585	0.017803859
2781	1.74601686	0.01794664
2780	1.738655686	0.018253423
2779	1.732150674	0.018528887
2778	1.729120374	0.018658625
2777	1.721623421	0.018983513
2776	1.715751886	0.019241907
2775	1.708752871	0.019554519
2774	1.701451778	0.019886036
2773	1.694902062	0.020188216
2772	1.684893608	0.020658862
2771	1.673175812	0.021223851
2770	1.665039897	0.021625199
2769	1.654450774	0.022158952
2768	1.646091342	0.022589606
2767	1.631647229	0.023353543
2766	1.616012335	0.024209603
2765	1.602829814	0.024955725
2764	1.586895823	0.025888338
2763	1.569861412	0.026923938
2762	1.555353284	0.027838557
2761	1.535726547	0.029125504
2760	1.520354271	0.030174892
2759	1.506183147	0.031175746
2758	1.491987467	0.032211617
2757	1.481023908	0.033035135
2756	1.464416504	0.034322862
2755	1.452270508	0.035296325
2754	1.435917735	0.036650699
2753	1.42080164	0.037948827
2752	1.406166553	0.039249438
2751	1.387836099	0.040941514
2750	1.370679021	0.042591308
2749	1.350111008	0.044656943
2748	1.326680303	0.047132415
2747	1.303122759	0.049759641
2746	1.278499484	0.052662384
2745	1.252338409	0.05593216
2744	1.228569269	0.059078673
2743	1.205231547	0.062340238
2742	1.182750344	0.065652256
2741	1.160369396	0.069124277
2740	1.138620377	0.072674093
2739	1.117889285	0.076227331
2738	1.099733353	0.079481608
2737	1.082422495	0.082713711
2736	1.064237833	0.086250608
2735	1.046316743	0.089884179
2734	1.029863954	0.09335467
2733	1.012328625	0.097201144
2732	0.994430602	0.101290659
2731	0.976739883	0.10550186
2730	0.959625065	0.109742522
2729	0.942559481	0.114140697
2728	0.926439345	0.11845698
2727	0.91103214	0.12273484
2726	0.894421637	0.127520017
2725	0.87727356	0.13265586
2724	0.860036314	0.138026885
2723	0.841037929	0.144198941
2722	0.821828485	0.150720219
2721	0.802764952	0.157483496
2720	0.785333335	0.163933105
2719	0.767997682	0.170609149
2718	0.752296627	0.176890037
2717	0.738444626	0.182622958
2716	0.725209355	0.188274128
2715	0.714455068	0.1929945
2714	0.704943657	0.197267864
2713	0.696464241	0.201157282
2712	0.688809693	0.204734158
2711	0.681894958	0.208019976
2710	0.674493611	0.211595481
2709	0.667243779	0.215157367
2708	0.660668492	0.218439668
2707	0.654370189	0.221630645
2706	0.648447812	0.224673675
2705	0.643216372	0.227396423
2704	0.63786	0.230218383
2703	0.632488251	0.233083617
2702	0.627577305	0.235734255
2701	0.623417378	0.238003105
2700	0.620092332	0.239832297
2699	0.617512226	0.241261361
2698	0.615311623	0.242486954
2697	0.612826884	0.243878276
2696	0.609809935	0.245578343
2695	0.606138349	0.247663298
2694	0.602514684	0.249738395
2693	0.59929347	0.251597621
2692	0.596868157	0.253006595
2691	0.595080376	0.254050249
2690	0.593564451	0.254938572
2689	0.592216134	0.255731288
2688	0.590664983	0.256646306
2687	0.589478552	0.257348385
2686	0.587936044	0.258264049
2685	0.585764051	0.259558915
2684	0.584253073	0.260463533
2683	0.583381057	0.260987041
2682	0.582831919	0.261317251
2681	0.582402647	0.261575674
2680	0.581443012	0.262154302
2679	0.580192447	0.262910271
2678	0.578245759	0.264091389
2677	0.577037633	0.264827065
2676	0.577097714	0.264790431
2675	0.578295767	0.264060981
2674	0.579934478	0.263066485
2673	0.581415117	0.26217114
2672	0.582336068	0.261615777
2671	0.583150983	0.261125339
2670	0.583681881	0.260806324
2669	0.584376395	0.260389583
2668	0.584732413	0.260176212
2667	0.584679544	0.260207887
2666	0.584467351	0.260335053
2665	0.584467471	0.260334982
2664	0.584002912	0.260613608
2663	0.58337599	0.260990085
2662	0.582510531	0.261510704
2661	0.581085324	0.262370302
2660	0.579980254	0.263038758
2659	0.57915771	0.26353742
2658	0.578667402	0.263835115
2657	0.578033984	0.2642202
2656	0.577548504	0.264515726
2655	0.577976823	0.264254978
2654	0.576266587	0.265297656
2653	0.574474394	0.266394716
2652	0.57194984	0.267947778
2651	0.56962949	0.269383201
2650	0.567786157	0.27052901
2649	0.566127956	0.271563904
2648	0.565066159	0.272228657
2647	0.564283371	0.272719774
2646	0.56338948	0.273281681
2645	0.562137842	0.274070415
2644	0.561307728	0.274594777
2643	0.560888887	0.274859729
2642	0.559996307	0.275425212
2641	0.558598697	0.27631299
2640	0.557264626	0.277163077
2639	0.555730701	0.278143746
2638	0.553955495	0.279283002
2637	0.553093016	0.279838191
2636	0.553081036	0.27984591
2635	0.553683281	0.279458111
2634	0.554174125	0.279142443
2633	0.554916084	0.278665957
2632	0.555577397	0.278241946
2631	0.555659056	0.278189635
2630	0.555925012	0.278019327
2629	0.556260169	0.277804855
2628	0.556733072	0.277502518
2627	0.556724012	0.277508307
2626	0.556280255	0.277792006
2625	0.556412339	0.277707533
2624	0.557787359	0.276829674
2623	0.558918417	0.276109649
2622	0.560112536	0.275351511
2621	0.561146021	0.27469704
2620	0.562176883	0.274045779
2619	0.563049138	0.273495927
2618	0.564191997	0.27277716
2617	0.563479245	0.273225202
2616	0.562214911	0.274021784
2615	0.560955882	0.274817331
2614	0.559853017	0.2755161
2613	0.559607387	0.275671972
2612	0.559626401	0.275659903
2611	0.559491813	0.275745343
2610	0.559637368	0.275652942
2609	0.560648263	0.275012059
2608	0.561935127	0.274198373
2607	0.562982023	0.273538195
2606	0.563517988	0.273200829
2605	0.563268185	0.273358017
2604	0.562357843	0.273931614
2603	0.561692476	0.274351617
2602	0.560893774	0.274856635
2601	0.560610235	0.275036141
2600	0.561928749	0.274202399
2599	0.563677728	0.273100359
2598	0.564957917	0.272296515
2597	0.565155149	0.272172882
2596	0.564762473	0.272419083
2595	0.564062536	0.272858485
2594	0.563240886	0.2733752
2593	0.562898755	0.273590646
2592	0.563034475	0.273505161
2591	0.562517226	0.273831102
2590	0.562136769	0.274071092
2589	0.561036944	0.274766041
2588	0.560160577	0.275321054
2587	0.56020385	0.275293622
2586	0.560544848	0.275077553
2585	0.561157048	0.274690065
2584	0.56145525	0.274501518
2583	0.561428487	0.274518434
2582	0.560904622	0.27484977
2581	0.559486032	0.275749014
2580	0.557778478	0.276835335
2579	0.556865454	0.277417942
2578	0.556840777	0.277433706
2577	0.557033181	0.277310822
2576	0.556962669	0.27735585
2575	0.556637228	0.277563767
2574	0.556106627	0.277903088
2573	0.55484885	0.278709101
2572	0.5541417	0.279163285
2571	0.553895593	0.279321527
2570	0.553519487	0.279563528
2569	0.552980363	0.279910788
2568	0.552794516	0.280030595
2567	0.552618146	0.280144341
2566	0.553546786	0.279545956
2565	0.555025101	0.278596015
2564	0.555868805	0.278055311
2563	0.556289792	0.277785906
2562	0.557361603	0.277101194
2561	0.55810684	0.276626104
2560	0.558397174	0.276441236
2559	0.558933795	0.276099872
2558	0.559242308	0.275903806
2557	0.558999538	0.276058079
2556	0.559400678	0.275803214
2555	0.559941113	0.275460218
2554	0.560179949	0.275308773
2553	0.559930623	0.275466872
2552	0.55955857	0.275702961
2551	0.559022903	0.276043228
2550	0.558592022	0.276317238
2549	0.558184266	0.276576791
2548	0.558644712	0.276283716
2547	0.559720457	0.27560021
2546	0.560449541	0.275137926
2545	0.561382234	0.274547672
2544	0.562494218	0.273845609
2543	0.563390195	0.273281231
2542	0.563941896	0.272934292
2541	0.564192236	0.27277701
2540	0.564597309	0.272522705
2539	0.564860046	0.272357886
2538	0.565205157	0.272141543
2537	0.565298498	0.272083059
2536	0.565702677	0.271829961
2535	0.566240251	0.271493695
2534	0.566520572	0.271318513
2533	0.566936314	0.271058909
2532	0.567181766	0.270905757
2531	0.567957342	0.270422397
2530	0.568665743	0.269981656
2529	0.569444299	0.269498096
2528	0.57004422	0.269126077
2527	0.57070291	0.268718205
2526	0.570976079	0.268549236
2525	0.571341634	0.268323287
2524	0.571784139	0.268050031
2523	0.571940661	0.267953442
2522	0.572215498	0.267783925
2521	0.572411776	0.267662928
2520	0.572691441	0.267490621
2519	0.573083997	0.267248947
2518	0.573327243	0.267099304
2517	0.573668122	0.266889739
2516	0.574029028	0.266668042
2515	0.574372947	0.26645695
2514	0.574769259	0.266213908
2513	0.575154364	0.265977951
2512	0.575466692	0.265786738
2511	0.5758636	0.265543943
2510	0.576118648	0.265388043
2509	0.576352119	0.265245412
2508	0.576623023	0.265080009
2507	0.576885283	0.264919982
2506	0.57716161	0.264751476
2505	0.577529728	0.264527161
2504	0.57785058	0.264331804
2503	0.578236997	0.264096717
2502	0.578544796	0.26390961
2501	0.578900576	0.2636935
2500	0.579256058	0.263477748
2499	0.579535306	0.263308388
2498	0.579837143	0.26312545
2497	0.580073178	0.262982483
2496	0.58032155	0.262832127
2495	0.58063972	0.262639643
2494	0.580961287	0.262445248
2493	0.581242263	0.262275508
2492	0.581601143	0.262058866
2491	0.581919968	0.261866553
2490	0.582226515	0.26168178
2489	0.582558096	0.261482064
2488	0.582852066	0.261305129
2487	0.583155334	0.261122723
2486	0.583415985	0.260966052
2485	0.583743334	0.260769423
2484	0.584022701	0.260601733
2483	0.584354639	0.260402627
2482	0.584767401	0.260155253
2481	0.585128903	0.259938792
2480	0.585425913	0.259761083
2479	0.585789383	0.259543775
2478	0.586052001	0.259386877
2477	0.586316645	0.259228863
2476	0.586595476	0.259062483
2475	0.586890996	0.258886262
2474	0.587197959	0.258703343
2473	0.587614775	0.258455171
2472	0.587987483	0.258233462
2471	0.588364422	0.258009429
2470	0.588739336	0.257786793
2469	0.589178681	0.25752614
2468	0.589504123	0.257333234
2467	0.589892924	0.25710296
2466	0.590304256	0.256859566
2465	0.590561032	0.256707743
2464	0.590879858	0.256519357
2463	0.591224492	0.256315877
2462	0.59159261	0.25609871
2461	0.591940463	0.255893667
2460	0.592273712	0.255697386
2459	0.592668474	0.25546507
2458	0.592995286	0.255272901
2457	0.593382657	0.255045311
2456	0.593648195	0.254889417
2455	0.593891263	0.2547468
2454	0.594314039	0.25449893
2453	0.594632745	0.254312235
2452	0.595004559	0.254094603
2451	0.595413387	0.253855521
2450	0.595785916	0.253637862
2449	0.596157312	0.253421051
2448	0.596579909	0.253174576
2447	0.596945465	0.252961563
2446	0.597324848	0.252740681
2445	0.597671211	0.252539194
2444	0.598079264	0.252302025
2443	0.598475039	0.252072205
2442	0.598964691	0.251788163
2441	0.599349141	0.251565371
2440	0.599705756	0.251358887
2439	0.600058436	0.251154847
2438	0.60036993	0.250974773
2437	0.60091722	0.250658698
2436	0.601338923	0.250415425
2435	0.601812959	0.250142244
2434	0.602388263	0.249811103
2433	0.602800727	0.249573962
2432	0.603286207	0.249295129
2431	0.603757978	0.249024469
2430	0.604286134	0.248721808
2429	0.604773462	0.24844287
2428	0.605192959	0.248203008
2427	0.605780006	0.247867733
2426	0.606256366	0.247596006
2425	0.606842279	0.247262195
2424	0.607349277	0.246973709
2423	0.607895613	0.246663215
2422	0.608499706	0.246320351
2421	0.608911097	0.246087131
2420	0.609508038	0.245749115
2419	0.610050917	0.245442114
2418	0.6104967	0.245190309
2417	0.611241341	0.244770266
2416	0.611765862	0.244474822
2415	0.612399578	0.244118348
2414	0.612927735	0.24382165
2413	0.613636673	0.243423962
2412	0.614195228	0.243111091
2411	0.614680767	0.242839446
2410	0.615404248	0.242435242
2409	0.615993202	0.242106695
2408	0.616558075	0.241791999
2407	0.617254555	0.241404546
2406	0.617848992	0.241074352
2405	0.618519008	0.240702717
2404	0.619116604	0.240371734
2403	0.619928241	0.239922931
2402	0.620461047	0.239628767
2401	0.621141255	0.239253745
2400	0.621941686	0.238813192
2399	0.622551978	0.238477836
2398	0.623202264	0.238121021
2397	0.623907089	0.237734883
2396	0.624658763	0.237323769
2395	0.625373662	0.236933428
2394	0.625981212	0.236602205
2393	0.626951456	0.236074209
2392	0.627595186	0.235724549
2391	0.628384054	0.23529676
2390	0.62907213	0.234924262
2389	0.629805148	0.234528082
2388	0.630558312	0.23412171
2387	0.631294191	0.233725345
2386	0.63212806	0.23327701
2385	0.632828772	0.232900933
2384	0.633713901	0.232426744
2383	0.634550631	0.231979372
2382	0.635189474	0.231638384
2381	0.636060774	0.231174127
2380	0.636884749	0.230735942
2379	0.637747943	0.230277792
2378	0.638512492	0.229872759
2377	0.639514566	0.229342971
2376	0.640332222	0.228911588
2375	0.641134977	0.228488856
2374	0.64206183	0.228001745
2373	0.642991185	0.227514361
2372	0.64385283	0.227063418
2371	0.644719422	0.226610786
2370	0.645600796	0.22615136
2369	0.646590293	0.225636683
2368	0.647587597	0.22511913
2367	0.648462236	0.224666213
2366	0.64944315	0.224159346
2365	0.650360405	0.223686407
2364	0.651420474	0.223141078
2363	0.652460992	0.222607098
2362	0.65346086	0.222095183
2361	0.654419839	0.221605309
2360	0.65542233	0.221094363
2359	0.656572938	0.220509377
2358	0.657696009	0.219939884
2357	0.658703744	0.219430128
2356	0.659839332	0.218857114
2355	0.66083622	0.218355321
2354	0.662053943	0.21774393
2353	0.663074195	0.217233002
2352	0.664196611	0.216672298
2351	0.665425539	0.216060044
2350	0.666524589	0.215513962
2349	0.66764164	0.21496035
2348	0.668874204	0.214351139
2347	0.669930339	0.213830505
2346	0.671076834	0.213266757
2345	0.67225486	0.212689054
2344	0.673385322	0.212136148
2343	0.674596787	0.211545218
2342	0.675685465	0.211015586
2341	0.676912427	0.21042027
2340	0.67799145	0.209898121
2339	0.679214776	0.209307709
2338	0.68046689	0.208705123
2337	0.68159014	0.20816603
2336	0.682859123	0.207558669
2335	0.684112728	0.206960408
2334	0.685317874	0.206386899
2333	0.68657279	0.205791394
2332	0.687757075	0.205230983
2331	0.689118326	0.204588715
2330	0.690283239	0.204040679
2329	0.691589713	0.203427793
2328	0.692916334	0.202807339
2327	0.694288552	0.20216755
2326	0.695569575	0.201572102
2325	0.696897209	0.200956839
2324	0.698157728	0.200374417
2323	0.699517429	0.19974806
2322	0.700904965	0.1991109
2321	0.702237785	0.198500779
2320	0.703712821	0.197827735
2319	0.705012918	0.197236407
2318	0.706615329	0.196510007
2317	0.707939088	0.195911943
2316	0.709405184	0.195251697
2315	0.710889638	0.19458545
2314	0.712458253	0.1938839
2313	0.713933468	0.193226431
2312	0.715472162	0.192543046
2311	0.717009962	0.191862473
2310	0.718533099	0.191190761
2309	0.720009983	0.190541692
2308	0.721635997	0.189829631
2307	0.723199308	0.189147538
2306	0.724859059	0.188426049
2305	0.726407766	0.187755312
2304	0.728035629	0.187052868
2303	0.729515731	0.186416465
2302	0.731079578	0.185746407
2301	0.732691169	0.185058412
2300	0.734232128	0.184402953
2299	0.735738933	0.183764267
2298	0.737349749	0.183083941
2297	0.738905311	0.182429341
2296	0.740307272	0.181841384
2295	0.741754592	0.181236392
2294	0.743364692	0.180565722
2293	0.744883776	0.179935239
2292	0.746225298	0.179380282
2291	0.747742891	0.178754551
2290	0.749166846	0.178169415
2289	0.750543952	0.177605352
2288	0.751964748	0.177025265
2287	0.753409565	0.176437313
2286	0.754870355	0.175844846
2285	0.756153822	0.175325941
2284	0.757666707	0.174716247
2283	0.758897543	0.174221784
2282	0.760302961	0.173658897
2281	0.761819184	0.173053671
2280	0.76328975	0.172468684
2279	0.764592469	0.171952119
2278	0.766046345	0.171377441
2277	0.767367005	0.170857086
2276	0.76890564	0.170252838
2275	0.770452857	0.169647375
2274	0.772111595	0.169000662
2273	0.773792625	0.168347773
2272	0.775463224	0.167701434
2271	0.777290225	0.166997425
2270	0.779039681	0.166326067
2269	0.780832648	0.165640812
2268	0.782696664	0.164931396
2267	0.784716725	0.164166022
2266	0.786458135	0.163509076
2265	0.788327694	0.162806712
2264	0.790215433	0.162100579
2263	0.792054176	0.161415719
2262	0.793973088	0.160704083
2261	0.795761287	0.160043748
2260	0.797578335	0.159375539
2259	0.799252927	0.158762187
2258	0.800884485	0.158166868
2257	0.802819252	0.157463807
2256	0.804396212	0.15689308
2255	0.806179702	0.156250098
2254	0.807785511	0.155673428
2253	0.809512854	0.15505549
2252	0.811145842	0.154473561
2251	0.812759697	0.153900596
2250	0.814560235	0.153263862
2249	0.816029728	0.15274615
2248	0.817790389	0.152128159
2247	0.819383204	0.151571237
2246	0.821085632	0.150978243
2245	0.822662175	0.150431167
2244	0.824318826	0.149858428
2243	0.826054454	0.149260725
2242	0.82780689	0.148659651
2241	0.829565883	0.148058763
2240	0.831159532	0.147516455
2239	0.832944632	0.146911356
2238	0.834585726	0.146357261
2237	0.836292267	0.145783285
2236	0.838138163	0.145164973
2235	0.839891195	0.144580195
2234	0.841612279	0.144008365
2233	0.843420565	0.14341
2232	0.845153511	0.142838897
2231	0.846795321	0.142299928
2230	0.848635376	0.141698295
2229	0.850445211	0.141109024
2228	0.852179527	0.140546642
2227	0.853971958	0.139967769
2226	0.85578382	0.139385045
2225	0.857536376	0.138823703
2224	0.859207928	0.138290412
2223	0.861052036	0.137704446
2222	0.862858176	0.137132952
2221	0.864728808	0.136543551
2220	0.866574287	0.135964557
2219	0.86836952	0.135403684
2218	0.87016809	0.134844088
2217	0.871965051	0.134287302
2216	0.873915255	0.133685636
2215	0.875658333	0.133150152
2214	0.877405703	0.132615503
2213	0.879224181	0.132061376
2212	0.881126165	0.131484281
2211	0.882816672	0.130973468
2210	0.884902656	0.130345891
2209	0.886591017	0.129840142
2208	0.888455153	0.12928402
2207	0.890230119	0.128756713
2206	0.89209193	0.128205917
2205	0.893931329	0.127664066
2204	0.895725727	0.127137677
2203	0.897602797	0.12658936
2202	0.899508178	0.12603519
2201	0.901291311	0.125518774
2200	0.90323925	0.124957046
2199	0.905132175	0.124413591
2198	0.906974793	0.123886849
2197	0.908750773	0.123381268
2196	0.910841107	0.122788839
2195	0.912544131	0.122308283
2194	0.914421797	0.121780626
2193	0.916236281	0.121272888
2192	0.918147922	0.120740252
2191	0.919860899	0.120264957
2190	0.921760202	0.11974015
2189	0.923824608	0.119172319
2188	0.925560892	0.118696827
2187	0.927196801	0.118250558
2186	0.929155648	0.1177184
2185	0.930889249	0.117249433
2184	0.932702243	0.116760987
2183	0.934593976	0.116253497
2182	0.936516941	0.115739888
2181	0.938221932	0.115286398
2180	0.940006137	0.11481374
2179	0.941907108	0.114312281
2178	0.943868399	0.113797207
2177	0.946003079	0.113239233
2176	0.947994113	0.112721274
2175	0.949748159	0.112266929
2174	0.951900125	0.111712012
2173	0.95367682	0.111255933
2172	0.955738187	0.110729111
2171	0.957790375	0.110207113
2170	0.960102379	0.109621975
2169	0.962194622	0.109095134
2168	0.964263797	0.108576591
2167	0.96668148	0.107973833
2166	0.968710363	0.107470591
2165	0.970809043	0.106952504
2164	0.973006308	0.106412756
2163	0.975112855	0.10589785
2162	0.977403343	0.105340811
2161	0.979257286	0.104892084
2160	0.98169744	0.104304383
2159	0.983595014	0.103849638
2158	0.985788465	0.103326456
2157	0.987952054	0.10281298
2156	0.990073681	0.10231194
2155	0.992258608	0.101798503
2154	0.994529545	0.101267585
2153	0.996790767	0.10074169
2152	0.998976588	0.100235927
2151	1.001036286	0.099761671
2150	1.003413081	0.099217189
2149	1.005535126	0.098733578
2148	1.00764823	0.098254346
2147	1.009997606	0.097724261
2146	1.012212992	0.097227027
2145	1.014364481	0.096746557
2144	1.016715527	0.096224236
2143	1.018774271	0.095769171
2142	1.021065593	0.095265227
2141	1.023425102	0.094749057
2140	1.025468826	0.09430423
2139	1.02774632	0.093810982
2138	1.030144215	0.093294445
2137	1.032301784	0.092832109
2136	1.034525275	0.092358044
2135	1.03666234	0.091904687
2134	1.03907907	0.091394683
2133	1.041052699	0.090980287
2132	1.043631315	0.090441693
2131	1.045849204	0.089980996
2130	1.047810555	0.089575542
2129	1.050256371	0.089072497
2128	1.052551746	0.088602965
2127	1.05469346	0.088167097
2126	1.057181358	0.087663467
2125	1.059241772	0.087248552
2124	1.061510324	0.086793994
2123	1.063823938	0.086332847
2122	1.06605947	0.08588959
2121	1.068402052	0.085427549
2120	1.070713997	0.084973988
2119	1.0728122	0.084564444
2118	1.075125456	0.084115212
2117	1.077407122	0.083674452
2116	1.079656243	0.08324224
2115	1.081904054	0.08281251
2114	1.084050655	0.0824042
2113	1.086355925	0.08196795
2112	1.088647604	0.081536562
2111	1.090782046	0.081136815
2110	1.092876434	0.080746474
2109	1.095340729	0.080289596
2108	1.097376823	0.079914057
2107	1.099824548	0.07946492
2106	1.101863623	0.079092696
2105	1.104029417	0.078699248
2104	1.10636282	0.078277542
2103	1.10867548	0.077861814
2102	1.111514091	0.077354558
2101	1.113385081	0.077022023
2100	1.115575552	0.076634521
2099	1.118142843	0.07618284
2098	1.120303512	0.075804762
2097	1.122686982	0.075389874
2096	1.125119925	0.074968716
2095	1.12741375	0.074573796
2094	1.129660368	0.07418902
2093	1.132133245	0.073767787
2092	1.13428843	0.073402621
2091	1.136882186	0.072965542
2090	1.139099479	0.072593966
2089	1.14161694	0.07217438
2088	1.14362061	0.071842161
2087	1.14630568	0.07139936
2086	1.14882195	0.070986874
2085	1.151258945	0.070589654
2084	1.153590083	0.070211769
2083	1.156037211	0.069817258
2082	1.158471107	0.069427079
2081	1.160774231	0.069059872
2080	1.163489103	0.06862951
2079	1.165745139	0.068273923
2078	1.168375731	0.067861627
2077	1.170669556	0.067504145
2076	1.173369527	0.06708578
2075	1.175843	0.066704787
2074	1.178307056	0.066327395
2073	1.180775881	0.065951415
2072	1.183333874	0.065564103
2071	1.185964584	0.065168154
2070	1.188610196	0.064772372
2069	1.191000462	0.064416858
2068	1.193603039	0.064031984
2067	1.196156979	0.063656539
2066	1.1985358	0.063308817
2065	1.20120883	0.062920356
2064	1.203850746	0.062538758
2063	1.206407785	0.062171624
2062	1.20891583	0.061813619
2061	1.211640358	0.061427048
2060	1.214626789	0.061006093
2059	1.217041016	0.060667903
2058	1.219774723	0.060287223
2057	1.222483158	0.059912417
2056	1.224816084	0.059591445
2055	1.227708697	0.059195856
2054	1.230604291	0.058802489
2053	1.233418345	0.058422704
2052	1.236077666	0.058066057
2051	1.239008665	0.057675496
2050	1.241819978	0.057303351
2049	1.244428635	0.056960182
2048	1.247393608	0.056572633
2047	1.250230789	0.056204257
2046	1.253069043	0.055838142
2045	1.255789876	0.055489412
2044	1.258708239	0.055117786
2043	1.261438966	0.054772307
2042	1.264448047	0.05439412
2041	1.267231107	0.054046664
2040	1.270136476	0.053686306
2039	1.273113847	0.05331951
2038	1.275783777	0.052992721
2037	1.27924633	0.0525719
2036	1.281656981	0.052280896
2035	1.28484869	0.051898082
2034	1.287893057	0.051535553
2033	1.290599227	0.051215424
2032	1.294054151	0.050809609
2031	1.29689908	0.050477858
2030	1.299825191	0.050138901
2029	1.302708149	0.049807168
2028	1.306067705	0.049423363
2027	1.309654236	0.049016891
2026	1.312444806	0.048702942
2025	1.315528631	0.048358338
2024	1.31871736	0.048004576
2023	1.321964145	0.047647032
2022	1.324952483	0.047320303
2021	1.327993751	0.046990087
2020	1.331434846	0.046619236
2019	1.334390044	0.046303088
2018	1.337729573	0.045948404
2017	1.340884566	0.045615815
2016	1.344628215	0.045224293
2015	1.347392797	0.044937324
2014	1.350896358	0.044576261
2013	1.354648113	0.044192837
2012	1.357651114	0.043888313
2011	1.36122787	0.043528342
2010	1.364474773	0.043204126
2009	1.367839694	0.042870673
2008	1.370791435	0.042580285
2007	1.374422312	0.042225781
2006	1.378397226	0.041841069
2005	1.381844163	0.041510297
2004	1.384878755	0.041221258
2003	1.388485909	0.040880302
2002	1.392225027	0.040529848
2001	1.395787716	0.040198725
2000	1.399236083	0.039880805
1999	1.402858496	0.039549546
1998	1.406468511	0.039222158
1997	1.410380363	0.038870456
1996	1.41454947	0.038499096
1995	1.417952895	0.03819857
1994	1.421786308	0.037862884
1993	1.425593972	0.037532373
1992	1.428884625	0.037249065
1991	1.432752728	0.036918774
1990	1.436506391	0.036601055
1989	1.440840602	0.036237598
1988	1.44396317	0.035977984
1987	1.448178887	0.035630434
1986	1.451949716	0.035322406
1985	1.455551863	0.035030645
1984	1.459753036	0.034693408
1983	1.46395874	0.034359059
1982	1.46798563	0.034041945
1981	1.47162509	0.03375786
1980	1.47606802	0.03341427
1979	1.480414152	0.03308155
1978	1.484364748	0.032781985
1977	1.488281369	0.032487675
1976	1.492755771	0.032154683
1975	1.496850133	0.031852965
1974	1.501068234	0.03154509
1973	1.504785061	0.031276269
1972	1.508790731	0.030989122
1971	1.513285756	0.030670033
1970	1.517757654	0.030355846
1969	1.521914482	0.030066683
1968	1.526468039	0.029753082
1967	1.530770659	0.029459769
1966	1.535101652	0.029167442
1965	1.539444566	0.028877223
1964	1.543828726	0.028587177
1963	1.548008919	0.028313338
1962	1.552486658	0.028022917
1961	1.557005882	0.027732825
1960	1.561964989	0.027417952
1959	1.566359997	0.027141885
1958	1.570644021	0.026875464
1957	1.575906396	0.026551778
1956	1.580219746	0.026289375
1955	1.584968328	0.026003492
1954	1.589853168	0.02571265
1953	1.594817281	0.02542042
1952	1.59955132	0.025144829
1951	1.603991508	0.02488906
1950	1.608953476	0.024606312
1949	1.613284945	0.024362119
1948	1.618789315	0.024055295
1947	1.623463035	0.023797808
1946	1.62788856	0.023556537
1945	1.633277535	0.02326604
1944	1.638735771	0.022975461
1943	1.643329859	0.022733701
1942	1.64836669	0.022471565
1941	1.652924538	0.022236962
1940	1.658643603	0.021946052
1939	1.663242817	0.021714867
1938	1.668602347	0.021448536
1937	1.673661709	0.021200119
1936	1.679500341	0.020917013
1935	1.684054255	0.020698827
1934	1.689283013	0.020451115
1933	1.694470644	0.02020828
1932	1.700009346	0.019952194
1931	1.704264879	0.019757642
1930	1.709396482	0.019525561
1929	1.715290189	0.019262374
1928	1.721343756	0.018995741
1927	1.726550937	0.018769343
1926	1.732578993	0.018510622
1925	1.737241626	0.018312953
1924	1.743454933	0.018052821
1923	1.748232126	0.01785533
1922	1.753821135	0.017627019
1921	1.75840354	0.017442007
1920	1.76464498	0.017193133
1919	1.771022081	0.016942517
1918	1.77681756	0.016717928
1917	1.782574534	0.016497778
1916	1.786861658	0.016335722
1915	1.792907119	0.016109901
1914	1.797554493	0.015938429
1913	1.805197835	0.015660375
1912	1.811483026	0.015435367
1911	1.816512108	0.015257659
1910	1.822237134	0.015057847
1909	1.827622414	0.014872281
1908	1.833899856	0.014658858
1907	1.83868444	0.014498249
1906	1.84332335	0.014344211
1905	1.850105524	0.014121944
1904	1.856419086	0.013918131
1903	1.862995267	0.013708967
1902	1.868713975	0.013529633
1901	1.874503493	0.013350469
1900	1.880518436	0.01316684
1899	1.8875314	0.01295593
1898	1.893326402	0.012784201
1897	1.899585247	0.012601283
1896	1.905520082	0.012430252
1895	1.909808397	0.012308117
1894	1.915939927	0.012135567
1893	1.922523618	0.011952985
1892	1.928665638	0.01178513
1891	1.934909582	0.011616904
1890	1.940715551	0.011462635
1889	1.946517229	0.011310525
1888	1.952695012	0.011150773
1887	1.958211541	0.011010029
1886	1.964466333	0.010852597
1885	1.970984697	0.010690925
1884	1.976387739	0.010558744
1883	1.984298825	0.010368148
1882	1.988382697	0.010271108
1881	1.994753003	0.010121549
1880	2.000770569	0.009982273
1879	2.00869894	0.009801692
1878	2.012312651	0.009720472
1877	2.01843524	0.009584396
1876	2.023171663	0.009480437
1875	2.029900551	0.00933468
1874	2.035664558	0.009211608
1873	2.043107033	0.009055094
1872	2.050009727	0.00891231
1871	2.054619312	0.008818215
1870	2.062190294	0.008665821
1869	2.069441319	0.008522337
1868	2.0765872	0.008383257
1867	2.084969282	0.008223008
1866	2.090569019	0.008117662
1865	2.096485138	0.00800783
1864	2.101010323	0.007924825
1863	2.106776714	0.007820298
1862	2.11047411	0.007754002
1861	2.116966963	0.007638939
1860	2.12656951	0.00747189
1859	2.133285522	0.007357232
1858	2.140223503	0.007240632
1857	2.144875288	0.007163491
1856	2.151358366	0.00705735
1855	2.153740168	0.007018751
1854	2.162316799	0.006881501
1853	2.170800209	0.006748384
1852	2.173186779	0.006711402
1851	2.181569576	0.0065831
1850	2.185220242	0.006527994
1849	2.187523365	0.006493467
1848	2.197910547	0.006340003
1847	2.204075336	0.006250643
1846	2.210934877	0.006152691
1845	2.217649937	0.00605829
1844	2.223680973	0.00597474
1843	2.228059769	0.005914802
1842	2.233817816	0.005836899
1841	2.239680052	0.00575864
1840	2.244316101	0.005697494
1839	2.250025988	0.005623077
1838	2.255977154	0.005546549
1837	2.265123606	0.005430957
1836	2.268758535	0.005385691
1835	2.276051283	0.005296009
1834	2.281125307	0.005234494
1833	2.288068771	0.005151471
1832	2.289277554	0.005137152
1831	2.295923471	0.005059138
1830	2.29889679	0.00502462
1829	2.306350231	0.004939122
1828	2.311921358	0.004876168
1827	2.317982912	0.004808583
1826	2.325136662	0.004730024
1825	2.327896833	0.004700057
1824	2.337637663	0.004595813
1823	2.338009834	0.004591876
1822	2.341788292	0.004552099
1821	2.35354948	0.004430477
1820	2.351433277	0.004452119
1819	2.36217618	0.00434334
1818	2.361471891	0.004350389
1817	2.371274233	0.004253298
1816	2.375537395	0.00421175
1815	2.378225565	0.004185761
1814	2.379404545	0.004174413
1813	2.386483192	0.004106925
1812	2.389879942	0.004074929
1811	2.39272666	0.004048306
1810	2.403385401	0.003950159
1809	2.407555342	0.003912413
1808	2.408855438	0.003900718
1807	2.418651342	0.003813719
1806	2.419018745	0.003810494
1805	2.423620462	0.003770332
1804	2.427991629	0.003732574
1803	2.428326368	0.003729698
1802	2.4359622	0.003664695
1801	2.441747189	0.003616203
1800	2.450491428	0.003544121
1799	2.449260235	0.003554183
1798	2.450618029	0.003543088
1797	2.458758116	0.003477298
1796	2.457890511	0.003484251
1795	2.463509083	0.003439465
1794	2.467214584	0.003410244
1793	2.467715025	0.003406316
1792	2.477210999	0.003332645
1791	2.480637074	0.003306457
1790	2.483885765	0.003281816
1789	2.484146595	0.003279846
1788	2.488907337	0.003244088
1787	2.493256569	0.003211763
1786	2.493697166	0.003208506
1785	2.495325804	0.003196496
1784	2.502614021	0.003143301
1783	2.504083872	0.003132681
1782	2.506295919	0.003116765
1781	2.511780262	0.003077654
1780	2.506708622	0.003113805
1779	2.516443729	0.003044782
1778	2.516430616	0.003044874
1777	2.517277002	0.003038946
1776	2.522620201	0.003001786
1775	2.52824688	0.002963146
1774	2.526406765	0.002975728
1773	2.528608561	0.00296068
1772	2.531986475	0.002937741
1771	2.531556129	0.002940654
1770	2.533810854	0.002925426
1769	2.542577744	0.002866964
1768	2.53870368	0.002892653
1767	2.536461353	0.002907627
1766	2.539482832	0.002887468
1765	2.538565397	0.002893574
1764	2.54337883	0.002861681
1763	2.544268608	0.002855824
1762	2.54597044	0.002844655
1761	2.555061102	0.002785729
1760	2.551189661	0.002810673
1759	2.552376747	0.002803001
1758	2.55152607	0.002808497
1757	2.550636053	0.002814258
1756	2.553367376	0.002796615
1755	2.558230639	0.002765473
1754	2.557373762	0.002770934
1753	2.552826166	0.002800102
1752	2.555225849	0.002784673
1751	2.555532217	0.002782709
1750	2.557889462	0.002767646
1749	2.5620749	0.002741101
1748	2.562098265	0.002740954
1747	2.560242414	0.002752692
1746	2.559114933	0.002759847
1745	2.566226244	0.002715025
1744	2.562227488	0.002740138
1743	2.564318419	0.002726978
1742	2.561917782	0.002742093
1741	2.567798853	0.002705211
1740	2.567496538	0.002707095
1739	2.564881802	0.002723442
1738	2.559835196	0.002755274
1737	2.562304258	0.002739654
1736	2.559424639	0.00275788
1735	2.565587521	0.00271902
1734	2.565330029	0.002720633
1733	2.562497854	0.002738433
1732	2.561022282	0.002747753
1731	2.562588215	0.002737863
1730	2.55930829	0.002758619
1729	2.561158895	0.002746889
1728	2.560986996	0.002747976
1727	2.563590765	0.002731551
1726	2.553062439	0.002798579
1725	2.554316282	0.002790511
1724	2.54855299	0.002827789
1723	2.556868792	0.002774158
1722	2.555469513	0.002783111
1721	2.55039072	0.002815848
1720	2.554921865	0.002786622
1719	2.552443266	0.002802572
1718	2.551117182	0.002811142
1717	2.552055836	0.002805073
1716	2.546152353	0.002843463
1715	2.548863649	0.002825767
1714	2.544639826	0.002853384
1713	2.546110868	0.002843735
1712	2.545603514	0.002847059
1711	2.543058634	0.002863791
1710	2.540596962	0.00288007
1709	2.540216446	0.002882595
1708	2.532411098	0.00293487
1707	2.538057327	0.002896961
1706	2.533866644	0.00292505
1705	2.538250446	0.002895673
1704	2.533754587	0.002925805
1703	2.526948452	0.002972019
1702	2.530201912	0.002949837
1701	2.529555559	0.002954231
1700	2.525662899	0.002980829
1699	2.526276827	0.002976618
1698	2.526463032	0.002975343
1697	2.523489714	0.002995783
1696	2.523469448	0.002995922
1695	2.522667646	0.003001459
1694	2.52183795	0.003007198
1693	2.515258551	0.003053103
1692	2.517853975	0.003034911
1691	2.513486862	0.003065583
1690	2.511837959	0.003077245
1689	2.51339817	0.00306621
1688	2.510374784	0.00308763
1687	2.509130478	0.003096489
1686	2.509492397	0.003093909
1685	2.504441977	0.003130099
1684	2.508057356	0.00310415
1683	2.505717039	0.003120922
1682	2.505031109	0.003125855
1681	2.502424717	0.003144671
1680	2.501725674	0.003149737
1679	2.49557066	0.003194695
1678	2.49966073	0.003164749
1677	2.499347687	0.003167031
1676	2.500209093	0.003160756
1675	2.496886492	0.00318503
1674	2.492108345	0.003220265
1673	2.495853662	0.003192613
1672	2.493417501	0.003210573
1671	2.489019156	0.003243253
1670	2.490437984	0.003232675
1669	2.492231131	0.003219355
1668	2.486510515	0.003262042
1667	2.489738703	0.003237884
1666	2.487257242	0.003256438
1665	2.485752344	0.003267741
1664	2.485570431	0.00326911
1663	2.480951548	0.003304064
1662	2.483559608	0.003284282
1661	2.485399485	0.003270397
1660	2.485777617	0.003267551
1659	2.478239775	0.003324759
1658	2.478265524	0.003324562
1657	2.478161335	0.00332536
1656	2.480672121	0.003306191
1655	2.477860451	0.003327665
1654	2.47957468	0.003314556
1653	2.479444027	0.003315553
1652	2.479574203	0.003314559
1651	2.481440067	0.003300349
1650	2.480826139	0.003305018
1649	2.482040644	0.003295789
1648	2.482301235	0.003293812
1647	2.481225252	0.003301982
1646	2.475788355	0.003343579
1645	2.480072975	0.003310755
1644	2.486135006	0.003264863
1643	2.47954917	0.00331475
1642	2.47996521	0.003311576
1641	2.483918667	0.003281567
1640	2.482821226	0.00328987
1639	2.480682611	0.003306111
1638	2.488949537	0.003243773
1637	2.48442626	0.003277734
1636	2.483970404	0.003281177
1635	2.490961075	0.003228783
1634	2.491880655	0.003221954
1633	2.493197441	0.0032122
1632	2.493383646	0.003210823
1631	2.488225698	0.003249184
1630	2.49375701	0.003208064
1629	2.491690636	0.003223364
1628	2.493211508	0.003212096
1627	2.500716925	0.003157062
1626	2.49784255	0.003178026
1625	2.502496243	0.003144154
1624	2.502072096	0.003147226
1623	2.503014565	0.003140403
1622	2.507155418	0.003110603
1621	2.50699234	0.003111771
1620	2.508064508	0.003104098
1619	2.508118391	0.003103713
1618	2.517615795	0.003036576
1617	2.512628078	0.003071651
1616	2.517076731	0.003040348
1615	2.51534462	0.003052498
1614	2.52115345	0.003011942
1613	2.530298948	0.002949178
1612	2.532263994	0.002935864
1611	2.533222914	0.002929389
1610	2.530066729	0.002950756
1609	2.534874916	0.002918267
1608	2.537005663	0.002903985
1607	2.541028023	0.002877213
1606	2.54596734	0.002844675
1605	2.551990271	0.002805496
1604	2.553219318	0.002797568
1603	2.557846308	0.002767921
1602	2.557605505	0.002769456
1601	2.565291166	0.002720877
1600	2.562539816	0.002738169
1599	2.566298008	0.002714576
1598	2.575133801	0.002659905
1597	2.574207783	0.002665583
1596	2.571989536	0.002679233
1595	2.590307474	0.002568577
1594	2.595097303	0.002540403
1593	2.594087839	0.002546315
1592	2.595421314	0.002538509
1591	2.597349405	0.002527264
1590	2.607146263	0.002470892
1589	2.606534958	0.002474372
1588	2.614865541	0.002427361
1587	2.617434025	0.002413048
1586	2.617618561	0.002412023
1585	2.62334156	0.002380447
1584	2.624814987	0.002372384
1583	2.637315512	0.002305072
1582	2.639219761	0.002294987
1581	2.636748552	0.002308083
1580	2.646871567	0.002254906
1579	2.64545393	0.002262279
1578	2.647434711	0.002251984
1577	2.650131226	0.002238045
1576	2.662742853	0.002173988
1575	2.659126043	0.002192169
1574	2.664443016	0.002165494
1573	2.667987823	0.002147891
1572	2.671010256	0.002132995
1571	2.675214052	0.002112448
1570	2.6817379	0.002080952
1569	2.691308737	0.002035594
1568	2.69485116	0.002019058
1567	2.699059248	0.001999589
1566	2.700818777	0.001991504
1565	2.705339909	0.00197088
1564	2.718032598	0.001914112
1563	2.712739706	0.001937583
1562	2.71624732	0.001921997
1561	2.717698336	0.001915586
1560	2.720735788	0.001902235
1559	2.728690624	0.00186771
1558	2.736014366	0.001836478
1557	2.745195389	0.001798062
1556	2.742680788	0.001808503
1555	2.752643347	0.001767489
1554	2.758104086	0.001745404
1553	2.763013124	0.001725786
1552	2.759465933	0.001739939
1551	2.764667511	0.001719224
1550	2.772847891	0.001687144
1549	2.782212019	0.001651156
1548	2.772686243	0.001687772
1547	2.782631874	0.00164956
1546	2.792579412	0.001612206
1545	2.78702879	0.001632944
1544	2.789544344	0.001623513
1543	2.805045843	0.001566586
1542	2.809130907	0.001551919
1541	2.810623646	0.001546594
1540	2.803406	0.001572512
1539	2.806976557	0.001559637
1538	2.814776659	0.001531875
1537	2.809078217	0.001552107
1536	2.82121563	0.001509331
1535	2.826330662	0.001491658
1534	2.827593327	0.001487328
1533	2.829305172	0.001481477
1532	2.837869167	0.001452549
1531	2.828037262	0.001485808
1530	2.841973066	0.001438888
1529	2.842531681	0.001437038
1528	2.859394073	0.001382312
1527	2.847011805	0.00142229
1526	2.84915328	0.001415294
1525	2.848618746	0.001417037
1524	2.864683628	0.001365578
1523	2.855875731	0.001393555
1522	2.855059862	0.001396176
1521	2.867280245	0.001357437
1520	2.8547194	0.001397271
1519	2.865940094	0.001361632
1518	2.86803174	0.00135509
1517	2.877420664	0.001326109
1516	2.867493868	0.00135677
1515	2.871050358	0.001345704
1514	2.879318714	0.001320326
1513	2.880903721	0.001315516
1512	2.876713514	0.00132827
1511	2.872732878	0.001340501
1510	2.885019541	0.001303108
1509	2.888535738	0.0012926
1508	2.889143705	0.001290792
1507	2.886279821	0.001299332
1506	2.885290623	0.001302295
1505	2.879714489	0.001319124
1504	2.889808655	0.001288817
1503	2.879365444	0.001320184
1502	2.890516996	0.001286717
1501	2.886910677	0.001297446
1500	2.889083862	0.00129097
1499	2.878028154	0.001324256
1498	2.886154175	0.001299708
1497	2.888864517	0.001291622
1496	2.874554634	0.00133489
1495	2.887919426	0.001294436
1494	2.883695841	0.001307086
1493	2.898234606	0.001264053
1492	2.880567074	0.001316537
1491	2.866781712	0.001358996
1490	2.881198406	0.001314624
1489	2.882693768	0.001310105
1488	2.872664928	0.001340711
1487	2.882327318	0.001311211
1486	2.873978853	0.001336661
1485	2.880686522	0.001316175
1484	2.888792515	0.001291836
1483	2.87686491	0.001327807
1482	2.863851786	0.001368196
1481	2.873214245	0.001339016
1480	2.871605396	0.001343986
1479	2.871620655	0.001343938
1478	2.867694139	0.001356144
1477	2.858714104	0.001384477
1476	2.852898121	0.001403143
1475	2.858156204	0.001386257
1474	2.845141172	0.00142843
1473	2.854752302	0.001397165
1472	2.850738525	0.001410138
1471	2.84807229	0.001418821
1470	2.850510359	0.001410879
1469	2.837769985	0.001452881
1468	2.832802773	0.001469594
1467	2.836281061	0.00145787
1466	2.839177608	0.001448179
1465	2.831180811	0.001475092
1464	2.829742193	0.001479987
1463	2.820957899	0.001510227
1462	2.824455023	0.001498114
1461	2.818875074	0.001517487
1460	2.808281183	0.001554959
1459	2.819369316	0.001515761
1458	2.810733795	0.001546202
1457	2.804841757	0.001567322
1456	2.80061841	0.001582638
1455	2.790917873	0.001618386
1454	2.792729855	0.001611648
1453	2.794573069	0.001604822
1452	2.786968231	0.001633171
1451	2.775722027	0.001676015
1450	2.780136824	0.001659064
1449	2.773601532	0.001684219
1448	2.756008387	0.001753847
1447	2.757223129	0.001748948
1446	2.767391682	0.001708474
1445	2.754940033	0.001758166
1444	2.75490284	0.001758317
1443	2.738657713	0.001825334
1442	2.742379189	0.001809759
1441	2.744622469	0.001800435
1440	2.737823963	0.001828841
1439	2.724806786	0.001884487
1438	2.731088638	0.001857425
1437	2.717680216	0.001915666
1436	2.719778538	0.001906433
1435	2.714550018	0.001929523
1434	2.715649843	0.001924643
1433	2.705423117	0.001970502
1432	2.703309536	0.001980115
1431	2.693404913	0.002025793
1430	2.690297365	0.00204034
1429	2.69246769	0.00203017
1428	2.673352718	0.002121521
1427	2.677089691	0.002103344
1426	2.672672033	0.002124848
1425	2.671286583	0.002131638
1424	2.67343235	0.002121132
1423	2.669289589	0.002141462
1422	2.662517309	0.002175117
1421	2.659392834	0.002190822
1420	2.654746294	0.002214388
1419	2.657526731	0.002200256
1418	2.647816181	0.002250007
1417	2.64315176	0.002274303
1416	2.644839287	0.002265483
1415	2.636747599	0.002308088
1414	2.631850719	0.00233426
1413	2.632017612	0.002333363
1412	2.627496719	0.00235778
1411	2.620087147	0.002398352
1410	2.615383148	0.00242447
1409	2.608325243	0.002464193
1408	2.611002445	0.002449049
1407	2.606295347	0.002475738
1406	2.614192486	0.002431126
1405	2.598729372	0.002519246
1404	2.597753525	0.002524913
1403	2.593533278	0.002549569
1402	2.590514421	0.002567353
1401	2.587956429	0.002582519
1400	2.586090326	0.00259364
1399	2.589006424	0.002576283
1398	2.576719046	0.002650214
1397	2.577357769	0.002646319
1396	2.582676172	0.00261411
1395	2.579719782	0.002631966
1394	2.568075418	0.002703489
1393	2.572118282	0.002678439
1392	2.57161355	0.002681553
1391	2.567172289	0.002709117
1390	2.558701038	0.002762479
1389	2.564366102	0.002726678
1388	2.55424881	0.002790944
1387	2.558259487	0.002765289
1386	2.559051752	0.002760249
1385	2.556553841	0.002776171
1384	2.55323267	0.002797482
1383	2.551863194	0.002806318
1382	2.552096605	0.00280481
1381	2.54800868	0.002831335
1380	2.553890705	0.002793247
1379	2.55661726	0.002775765
1378	2.552915812	0.002799524
1377	2.548932076	0.002825322
1376	2.547801495	0.002832686
1375	2.553025007	0.00279882
1374	2.549221277	0.002823441
1373	2.551486015	0.002808756
1372	2.550303698	0.002816413
1371	2.547988653	0.002831466
1370	2.554894209	0.0027868
1369	2.554005146	0.002792511
1368	2.553500414	0.002795758
1367	2.558964968	0.002760801
1366	2.558593988	0.00276316
1365	2.555983067	0.002779822
1364	2.554558516	0.002788955
1363	2.561845541	0.002742549
1362	2.562404394	0.002739023
1361	2.559301853	0.00275866
1360	2.568012714	0.002703879
1359	2.565891027	0.002717121
1358	2.568427563	0.002701298
1357	2.573543787	0.002669662
1356	2.562501669	0.002738409
1355	2.569947243	0.002691862
1354	2.574200392	0.002665628
1353	2.572299719	0.00267732
1352	2.573706627	0.002668661
1351	2.584383726	0.002603852
1350	2.580682278	0.002626139
1349	2.582063437	0.002617801
1348	2.585151672	0.002599252
1347	2.590325594	0.002568469
1346	2.588582277	0.0025788
1345	2.590650797	0.002566547
1344	2.590822697	0.002565531
1343	2.59529686	0.002539236
1342	2.595427036	0.002538475
1341	2.59940362	0.002515338
1340	2.604677677	0.002484977
1339	2.607201099	0.00247058
1338	2.60507369	0.002482712
1337	2.612720728	0.002439379
1336	2.607678652	0.002467865
1335	2.618545055	0.002406883
1334	2.618292332	0.002408284
1333	2.619479418	0.00240171
1332	2.622894049	0.002382901
1331	2.625828266	0.002366855
1330	2.627059221	0.002360156
1329	2.640104055	0.002290319
1328	2.630978823	0.002338951
1327	2.635524035	0.0023146
1326	2.634160042	0.002321881
1325	2.633900166	0.002323271
1324	2.641383648	0.002283581
1323	2.640152931	0.002290061
1322	2.63973999	0.00229224
1321	2.650846481	0.002234362
1320	2.6410923	0.002285113
1319	2.654270887	0.002216813
1318	2.649653912	0.002240506
1317	2.65254426	0.002225644
1316	2.652912855	0.002223756
1315	2.659152746	0.002192034
1314	2.6628232	0.002173586
1313	2.657880783	0.002198463
1312	2.660968065	0.00218289
1311	2.666294813	0.00215628
1310	2.671401262	0.002131075
1309	2.656965017	0.002203104
1308	2.670269966	0.002136634
1307	2.67462039	0.002115337
1306	2.666733265	0.002154104
1305	2.667865515	0.002148496
1304	2.664582014	0.002164801
1303	2.669477701	0.002140535
1302	2.669755936	0.002139164
1301	2.664444208	0.002165488
1300	2.663218021	0.002171611
1299	2.67468071	0.002115043
1298	2.668568134	0.002145023
1297	2.670590639	0.002135056
1296	2.665688753	0.002159291
1295	2.668727875	0.002144234
1294	2.666227341	0.002156615
1293	2.663387775	0.002170762
1292	2.672202826	0.002127145
1291	2.660723209	0.002184121
1290	2.663293362	0.002171234
1289	2.661084414	0.002182306
1288	2.658610582	0.002194772
1287	2.65786314	0.002198553
1286	2.653209448	0.002222238
1285	2.652430058	0.00222623
1284	2.651656866	0.002230197
1283	2.644893646	0.002265199
1282	2.641376972	0.002283616
1281	2.635363817	0.002315454
1280	2.645153284	0.002263845
1279	2.636742115	0.002308117
1278	2.629580498	0.002346494
1277	2.61918211	0.002403355
1276	2.625569344	0.002368267
1275	2.621504545	0.002390537
1274	2.612201691	0.002442296
1273	2.612368107	0.00244136
1272	2.610414267	0.002452369
1271	2.604532003	0.00248581
1270	2.603899002	0.002489436
1269	2.591903925	0.002559152
1268	2.590041637	0.002570149
1267	2.581337214	0.002622182
1266	2.575526476	0.002657502
1265	2.570939541	0.002685718
1264	2.568825006	0.002698827
1263	2.561704636	0.002743439
1262	2.55856967	0.002763315
1261	2.543388844	0.002861615
1260	2.544828892	0.002852142
1259	2.539665461	0.002886254
1258	2.532108068	0.002936919
1257	2.521226883	0.003011432
1256	2.516722202	0.003042831
1255	2.515018225	0.003054793
1254	2.508137941	0.003103574
1253	2.497024536	0.003184018
1252	2.492324829	0.003218661
1251	2.481604338	0.003299101
1250	2.472143888	0.003371756
1249	2.469101429	0.00339546
1248	2.45759654	0.003486611
1247	2.452393293	0.003528635
1246	2.443612099	0.003600708
1245	2.434470654	0.003677302
1244	2.427426815	0.003737431
1243	2.412397623	0.003869032
1242	2.404972553	0.003935749
1241	2.40083313	0.003973442
1240	2.38751626	0.004097168
1239	2.382301092	0.004146665
1238	2.372647524	0.004239869
1237	2.367191792	0.004293468
1236	2.348395824	0.004483366
1235	2.343337297	0.004535892
1234	2.329204321	0.004685929
1233	2.320411444	0.004781769
1232	2.313473225	0.004858775
1231	2.300398588	0.005007275
1230	2.2918365	0.005106972
1229	2.283396959	0.005207185
1228	2.274496794	0.005314999
1227	2.259727955	0.005498852
1226	2.249557972	0.00562914
1225	2.242581129	0.005720301
1224	2.227315426	0.005924948
1223	2.216806889	0.006070062
1222	2.206429482	0.006216852
1221	2.19709754	0.006351883
1220	2.183590412	0.006552539
1219	2.172751427	0.006718133
1218	2.162080288	0.00688525
1217	2.149937391	0.007080479
1216	2.138817072	0.007264119
1215	2.127614975	0.007453925
1214	2.112880945	0.007711148
1213	2.105829477	0.007837373
1212	2.091882944	0.00809314
1211	2.080483675	0.008308379
1210	2.066355228	0.008583112
1209	2.053141832	0.008848266
1208	2.043166637	0.009053851
1207	2.032005787	0.00928954
1206	2.018111229	0.009591549
1205	2.007509708	0.009828569
1204	1.993236661	0.010156951
1203	1.982623577	0.010408219
1202	1.968800068	0.010744839
1201	1.956980705	0.011041277
1200	1.945287704	0.011342592
1199	1.930986404	0.011722321
1198	1.919412255	0.012038926
1197	1.905487061	0.012431197
1196	1.89332068	0.01278437
1195	1.880978584	0.013152897
1194	1.868809819	0.013526648
1193	1.856088042	0.013928744
1192	1.842765331	0.014362653
1191	1.830348611	0.014779216
1190	1.817186952	0.015233968
1189	1.805405736	0.01565288
1188	1.791947365	0.016145542
1187	1.779123902	0.016629382
1186	1.766032815	0.017138278
1185	1.753505826	0.017639821
1184	1.74077642	0.018164506
1183	1.727418303	0.018731894
1182	1.714509726	0.019297021
1181	1.702090502	0.019856811
1180	1.688458681	0.02048997
1179	1.67597425	0.021087532
1178	1.663040042	0.021725009
1177	1.650178671	0.022378003
1176	1.637332678	0.023049809
1175	1.623918891	0.023772842
1174	1.611668468	0.024452965
1173	1.598589182	0.025200596
1172	1.585427046	0.025976041
1171	1.571951032	0.026794704
1170	1.559880495	0.027549867
1169	1.547632337	0.0283379
1168	1.534317732	0.029220138
1167	1.52232182	0.030038496
1166	1.508215308	0.031030208
1165	1.496389151	0.031886793
1164	1.483106852	0.032877073
1163	1.470760345	0.033825144
1162	1.458759546	0.034772863
1161	1.445651054	0.035838428
1160	1.433113575	0.036888112
1159	1.420635939	0.037963309
1158	1.408537865	0.039035715
1157	1.395814657	0.040196232
1156	1.382853866	0.0414139
1155	1.371159554	0.042544208
1154	1.358409524	0.043811737
1153	1.345991969	0.045082504
1152	1.334306479	0.046311998
1151	1.321749806	0.047670553
1150	1.309537053	0.049030119
1149	1.297861695	0.050366098
1148	1.285785198	0.05178629
1147	1.273535371	0.053267784
1146	1.261800408	0.054726742
1145	1.249950171	0.056240585
1144	1.237924457	0.057819661
1143	1.226283908	0.059390378
1142	1.214957476	0.060959658
1141	1.202754736	0.062696784
1140	1.191135764	0.064396792
1139	1.180095434	0.066054828
1138	1.168195367	0.067889816
1137	1.156806588	0.069693682
1136	1.145991921	0.071450962
1135	1.134146214	0.073426662
1134	1.122568727	0.075410405
1133	1.111266375	0.077398693
1132	1.100145221	0.079406267
1131	1.089573026	0.081363004
1130	1.078786492	0.083409114
1129	1.067761898	0.085553563
1128	1.056553602	0.087790273
1127	1.045674086	0.090017286
1126	1.03512454	0.09223069
1125	1.02447474	0.094520337
1124	1.014105082	0.09680436
1123	1.003812551	0.09912597
1122	0.992684305	0.101698769
1121	0.982198894	0.104184019
1120	0.972201586	0.106610116
1119	0.962080061	0.109123915
1118	0.951952279	0.111698598
1117	0.942126215	0.114254624
1116	0.93191272	0.116973445
1115	0.921698213	0.119757242
1114	0.912169516	0.122413829
1113	0.902253449	0.125241007
1112	0.892520845	0.128079362
1111	0.883177578	0.130864672
1110	0.873741925	0.133739001
1109	0.864125788	0.136733274
1108	0.854433894	0.139818972
1107	0.845340788	0.142777315
1106	0.836073279	0.145856813
1105	0.826938093	0.14895734
1104	0.818054438	0.152035695
1103	0.808871627	0.155284595
1102	0.799740374	0.158584094
1101	0.791127622	0.161760462
1100	0.782360971	0.165058931
1099	0.773530006	0.168449604
1098	0.765238285	0.171696608
1097	0.756468177	0.175199081
1096	0.747927785	0.178678466
1095	0.739512503	0.182174463
1094	0.731220782	0.185686025
1093	0.722861409	0.189294759
1092	0.714784503	0.192848159
1091	0.706849873	0.196403909
1090	0.698665917	0.200140086
1089	0.690522313	0.203928388
1088	0.682851434	0.207562344
1087	0.674975932	0.211360617
1086	0.667171717	0.215193071
1085	0.659635067	0.218960075
1084	0.651900768	0.222894438
1083	0.644217491	0.226872841
1082	0.636850953	0.230753898
1081	0.629473209	0.234707404
1080	0.62210691	0.238722355
1079	0.615013123	0.242653677
1078	0.607835949	0.246697104
1077	0.600644529	0.250816135
1076	0.593514979	0.254967615
1075	0.586718559	0.258989073
1074	0.579817891	0.263137115
1073	0.572958052	0.26732646
1072	0.566419601	0.2713816
1071	0.559549987	0.275708409
1070	0.552906692	0.279958274
1069	0.546555162	0.284082734
1068	0.539945304	0.288439474
1067	0.533663154	0.292642128
1066	0.527434886	0.296869181
1065	0.521193326	0.301166509
1064	0.514845312	0.305600942
1063	0.508794844	0.309888283
1062	0.502718806	0.314254275
1061	0.496854186	0.318526679
1060	0.49093926	0.322894569
1059	0.485211313	0.327181461
1058	0.479315162	0.331653694
1057	0.473577827	0.33606414
1056	0.468061268	0.34036017
1055	0.46248883	0.344755473
1054	0.456949562	0.349180866
1053	0.451693833	0.353432243
1052	0.446065009	0.358042838
1051	0.440675914	0.362513418
1050	0.435542047	0.366824178
1049	0.430338323	0.371245909
1048	0.425243318	0.375626896
1047	0.420238882	0.379980332
1046	0.415274113	0.384349116
1045	0.410197228	0.388868506
1044	0.405250579	0.393323071
1043	0.400511235	0.39763881
1042	0.395730943	0.402039809
1041	0.391053677	0.406393098
1040	0.386492491	0.410683741
1039	0.381796092	0.415148916
1038	0.377138794	0.419624857
1037	0.372837395	0.423801613
1036	0.368382573	0.428171175
1035	0.36404714	0.432466887
1034	0.35988763	0.436628792
1033	0.355540216	0.441021522
1032	0.3512564	0.445393218
1031	0.347157329	0.449616945
1030	0.343100488	0.453836595
1029	0.339046031	0.45809333
1028	0.335180879	0.462188485
1027	0.331286222	0.46635193
1026	0.327315271	0.47063555
1025	0.323526025	0.47475984
1024	0.319822371	0.478825895
1023	0.316047877	0.483005552
1022	0.312425405	0.487051175
1021	0.308939993	0.49097571
1020	0.305294812	0.495113979
1019	0.301695675	0.499234196
1018	0.298352122	0.50309254
1017	0.294864327	0.507149117
1016	0.291484356	0.51111149
1015	0.288207471	0.514982568
1014	0.284952372	0.518856937
1013	0.281610221	0.52286525
1012	0.278420597	0.526719507
1011	0.275266081	0.530559285
1010	0.272131443	0.534402593
1009	0.269060344	0.538194997
1008	0.266124338	0.541845739
1007	0.263080627	0.545656551
1006	0.260002106	0.549538209
1005	0.257191896	0.553105661
1004	0.254289508	0.556814443
1003	0.251463473	0.560449553
1002	0.248754665	0.563956147
1001	0.245988071	0.567560195
1000	0.243165344	0.571261106
999	0.240508184	0.574766988
998	0.237867579	0.578272342
997	0.23524636	0.581773104
996	0.232678726	0.585222849
995	0.230119288	0.588681939
994	0.227602869	0.592102822
993	0.22504665	0.595598164
992	0.222687602	0.598842201
991	0.220254794	0.602206177
990	0.217839479	0.605564658
989	0.215560436	0.608750826
988	0.213167176	0.612114721
987	0.210848182	0.615391959
986	0.208613053	0.618567285
985	0.206362099	0.621781651
984	0.204189986	0.624899265
983	0.202062845	0.627967481
982	0.199893907	0.631111499
981	0.19773753	0.634252912
980	0.195659071	0.637295613
979	0.19362767	0.640283528
978	0.191577032	0.643313948
977	0.189620554	0.646218587
976	0.187614888	0.649209867
975	0.185599089	0.652230211
974	0.183699951	0.655088611
973	0.181846306	0.65789062
972	0.179917097	0.66081958
971	0.178073317	0.663631028
970	0.176287264	0.666365856
969	0.174415603	0.669243862
968	0.172571033	0.672092373
967	0.170851901	0.674758088
966	0.169094101	0.677494696
965	0.167354286	0.680214232
964	0.165678665	0.682843744
963	0.164018512	0.685459008
962	0.162264422	0.688233136
961	0.160624281	0.690837207
960	0.158994377	0.693434785
959	0.157405093	0.69597703
958	0.155830264	0.698505349
957	0.154288977	0.700988709
956	0.152655259	0.703630637
955	0.151084825	0.706179611
954	0.149570957	0.708645516
953	0.14806281	0.711110661
952	0.146554425	0.713584774
951	0.145097271	0.715983031
950	0.143595517	0.718463126
949	0.1421341	0.720884852
948	0.140733689	0.723213144
947	0.139328554	0.725556848
946	0.137912154	0.727927029
945	0.136497453	0.730302096
944	0.135139078	0.732589892
943	0.133762524	0.734915617
942	0.132409081	0.737209493
941	0.131104052	0.739428095
940	0.129813746	0.741628233
939	0.128509	0.743859648
938	0.127259895	0.746002194
937	0.125952721	0.748250954
936	0.124685131	0.750438089
935	0.123476572	0.752529324
934	0.122233123	0.754687015
933	0.120997846	0.756836649
932	0.119811773	0.75890642
931	0.118614711	0.761001108
930	0.117396109	0.763139426
929	0.116249152	0.765157516
928	0.115078792	0.767222283
927	0.113922246	0.769268154
926	0.112793073	0.771270866
925	0.111679077	0.77325177
924	0.110540584	0.775281492
923	0.109377995	0.777359669
922	0.10829673	0.779297477
921	0.107205696	0.781257687
920	0.106107011	0.783236627
919	0.105038434	0.785166146
918	0.103947848	0.787140307
917	0.102861136	0.789112393
916	0.101780415	0.791078507
915	0.100754634	0.792949202
914	0.09969724	0.794882179
913	0.098657914	0.796786719
912	0.097659208	0.798621122
911	0.096606344	0.800559575
910	0.09558624	0.8024422
909	0.094539255	0.804379039
908	0.093524635	0.806260466
907	0.092511103	0.808144269
906	0.091532081	0.809968107
905	0.090560898	0.81178141
904	0.089557655	0.813658836
903	0.088589005	0.815475645
902	0.087601706	0.817331607
901	0.0866386	0.819146161
900	0.085695855	0.820926253
899	0.084743358	0.822728689
898	0.083798997	0.824519636
897	0.082820944	0.826378587
896	0.081875503	0.82817954
895	0.080958188	0.829930667
894	0.080053076	0.831662126
893	0.079099223	0.833490736
892	0.07816045	0.835294362
891	0.077272341	0.837004243
890	0.076359749	0.838764906
889	0.07539022	0.840639476
888	0.074493371	0.842377249
887	0.073667318	0.843981025
886	0.072701357	0.845860301
885	0.071785145	0.847646661
884	0.070971109	0.849236968
883	0.070027702	0.85108375
882	0.06912066	0.852863129
881	0.068294935	0.854486223
880	0.067411907	0.856225372
879	0.066474527	0.858075442
878	0.065628104	0.859749429
877	0.0647493	0.86149091
876	0.063836329	0.863303837
875	0.062934719	0.865097946
874	0.062115766	0.866730808
873	0.061212566	0.86853522
872	0.060294405	0.870373371
871	0.05943232	0.872102798
870	0.058598813	0.873778164
869	0.05767294	0.875642959
868	0.056832239	0.877339658
867	0.055929672	0.879164874
866	0.055105262	0.880835356
865	0.054209825	0.882653353
864	0.053377926	0.884345711
863	0.05251677	0.886101008
862	0.051681139	0.887807606
861	0.050856192	0.889495609
860	0.049999114	0.891252756
859	0.049156103	0.892984451
858	0.048339579	0.894664944
857	0.047468882	0.896460417
856	0.046687197	0.898075406
855	0.045813967	0.899882971
854	0.044993103	0.901585456
853	0.044162896	0.903310596
852	0.043296862	0.905113698
851	0.042488072	0.90680087
850	0.041645855	0.908561114
849	0.040807657	0.91031635
848	0.039920531	0.912177738
847	0.039095197	0.913912891
846	0.038256671	0.915679157
845	0.037355296	0.917581616
844	0.036541857	0.919301869
843	0.035646558	0.921198967
842	0.034811012	0.922972981
841	0.0338769	0.924960316
840	0.033058744	0.926704466
839	0.032155648	0.928633512
838	0.031263635	0.930542826
837	0.03042642	0.932338417
836	0.029636044	0.934036733
835	0.028627731	0.93620783
834	0.027768893	0.938061057
833	0.027019503	0.939681112
832	0.026170297	0.941520333
831	0.025305983	0.943395971
830	0.024455544	0.945245147
829	0.023730189	0.946825207
828	0.022872731	0.948696436
827	0.022015193	0.950571538
826	0.021350153	0.952028275
825	0.020315463	0.954299151
824	0.019555768	0.95596993
823	0.018858226	0.957506595
822	0.018073764	0.959237694
821	0.017207084	0.961153863
820	0.016514616	0.962687613
819	0.015702916	0.964488567
818	0.014925415	0.966216802
817	0.014242218	0.967737972
816	0.013521558	0.969345151
815	0.012842324	0.970862388
814	0.011769616	0.973263382
813	0.011279495	0.974362373
812	0.010618956	0.975845456
811	0.009906794	0.977446973
810	0.009172822	0.979100287
809	0.008652665	0.980273665
808	0.007821881	0.982150673
807	0.007226555	0.983497918
806	0.006718896	0.984648228
805	0.006137288	0.985967756
804	0.005317036	0.987831712
803	0.004802416	0.989002943
802	0.004311673	0.990121126
801	0.00373158	0.991444528
800	0.003133383	0.992811084
799	0.01884906	0.957526804
798	0.018693859	0.957869051
797	0.018355291	0.958616078
796	0.018227125	0.958899021
795	0.017866345	0.959695934
794	0.017711304	0.960038602
793	0.017458325	0.960597993
792	0.017458675	0.960597218
791	0.01732051	0.960902869
790	0.017120291	0.961345969
789	0.016938571	0.961748304
788	0.017057771	0.961484371
787	0.01687729	0.961884021
786	0.016815612	0.962020636
785	0.016844109	0.961957514
784	0.016914375	0.961801887
783	0.016945623	0.961732687
782	0.017021479	0.961564721
781	0.017104214	0.961381556
780	0.017167926	0.96124053
779	0.017349524	0.960838675
778	0.017461047	0.960591973
777	0.017907966	0.959603966
776	0.018240055	0.958870472
775	0.018616818	0.958038985
774	0.01904989	0.957084118
773	0.0195578	0.955965457
772	0.019991295	0.955011727
771	0.020664167	0.953533232
770	0.021348985	0.952030836
769	0.022068055	0.950455842
768	0.023043029	0.948324501
767	0.023960013	0.946324289
766	0.025018077	0.944021581
765	0.026224408	0.94140303
764	0.027390368	0.938879014
763	0.028768629	0.935904146
762	0.03023719	0.932744742
761	0.031892221	0.929196956
760	0.03370152	0.925333914
759	0.03569987	0.92108589
758	0.037650567	0.916957978
757	0.040153038	0.911689519
756	0.042577777	0.906613586
755	0.045280427	0.900989175
754	0.048455358	0.894426468
753	0.051864021	0.887433828
752	0.055350456	0.880338192
751	0.059272453	0.872423884
750	0.063433036	0.864105887
749	0.067976296	0.855113384
748	0.07301797	0.845243871
747	0.078496203	0.834648846
746	0.08431422	0.823542052
745	0.090567887	0.811768347
744	0.097457126	0.798992816
743	0.10498111	0.785269791
742	0.112842947	0.771182299
741	0.121550195	0.755874693
740	0.13101086	0.73958678
739	0.141096324	0.722609516
738	0.151995629	0.704700161
737	0.163799033	0.685805506
736	0.176580414	0.665916208
735	0.190221593	0.645324877
734	0.204974979	0.623770771
733	0.220665634	0.601636763
732	0.237784192	0.578383384
731	0.256122083	0.554469827
730	0.275727183	0.529996275
729	0.297057062	0.504594994
728	0.31959188	0.479080087
727	0.34416309	0.452727536
726	0.370181561	0.426401221
725	0.398217917	0.399744119
724	0.428060412	0.373198241
723	0.460204244	0.346573822
722	0.494429946	0.320309673
721	0.530940354	0.294482605
720	0.569730103	0.269320801
719	0.611765206	0.244475191
718	0.656300068	0.220647968
717	0.70402658	0.197684865
716	0.755263686	0.17568566
715	0.809248209	0.155150004
714	0.867897809	0.135550833
713	0.92999047	0.117492334
712	0.996472776	0.10081548
711	1.066948056	0.085714036
710	1.142298937	0.072061129
709	1.223312497	0.059798116
708	1.309455991	0.049039271
707	1.401128173	0.039707434
706	1.499572277	0.031653936
705	1.604506254	0.024859578
704	1.717310071	0.019172994
703	1.837925076	0.014523622
702	1.964202166	0.0108592
701	2.101628542	0.007913552
700	2.247081041	0.005661336
699	2.402561426	0.003957661
698	2.56653142	0.002713117
697	2.741061926	0.001815257
696	2.928048611	0.001180189
695	3.125858068	0.000748414
694	3.33202672	0.000465557
693	3.556402206	0.000277714
692	3.783424139	0.000164655
691	4.031921864	9.29134E-05
690	4.280028343	5.24773E-05
689	4.560219288	2.75284E-05
688	4.884185791	1.30561E-05
687	5.021857262	9.50917E-06
686	5.395342827	4.02399E-06
685	5.58532095	2.59824E-06
684	5.857279778	1.38906E-06
683	5.894684792	1.27443E-06
682	5.777479649	1.66925E-06
681	10	1E-10
680	5.753202438	1.76521E-06
679	5.831866741	1.47276E-06
678	10	1E-10
677	10	1E-10
676	7.307228088	4.92915E-08
675	10	1E-10
674	10	1E-10
673	6.31455183	4.84672E-07
672	5.736357689	1.83503E-06
671	6.421313763	3.79041E-07
670	6.115423203	7.66614E-07
669	6.335525513	4.61822E-07
668	6.52275753	3.00084E-07
667	10	1E-10
666	10	1E-10
665	10	1E-10
664	10	1E-10
663	10	1E-10
662	5.838456631	1.45059E-06
661	10	1E-10
660	10	1E-10
659	6.378396511	4.18411E-07
658	6.153447151	7.02349E-07
657	10	1E-10
656	6.414207458	3.85294E-07
655	10	1E-10
654	10	1E-10
653	10	1E-10
652	10	1E-10
651	6.726407528	1.87755E-07
650	10	1E-10
649	5.86766243	1.35624E-06
648	6.213489056	6.11661E-07
647	6.79467392	1.60445E-07
646	10	1E-10
645	5.583649158	2.60826E-06
644	6.046472073	8.9852E-07
643	10	1E-10
642	5.964368343	1.0855E-06
641	6.300103188	5.01068E-07
640	10	1E-10
639	5.832377434	1.47103E-06
638	10	1E-10
637	10	1E-10
636	10	1E-10
635	6.313120365	4.86272E-07
634	6.011178493	9.74589E-07
633	10	1E-10
632	6.691240311	2.03592E-07
631	6.447078228	3.57208E-07
630	6.445920944	3.58162E-07
629	5.926075459	1.18556E-06
628	6.489285469	3.24126E-07
627	5.682666779	2.07651E-06
626	10	1E-10
625	6.453231335	3.52183E-07
624	10	1E-10
623	6.22446537	5.96396E-07
622	10	1E-10
621	6.01224184	9.72206E-07
620	10	1E-10
619	10	1E-10
618	5.671828747	2.12898E-06
617	10	1E-10
616	6.628648281	2.35154E-07
615	5.959878922	1.09678E-06
614	5.774467945	1.68086E-06
613	10	1E-10
612	6.724990368	1.88369E-07
611	5.882034779	1.31209E-06
610	10	1E-10
609	6.091980457	8.09132E-07
608	10	1E-10
607	5.987588882	1.02899E-06
606	5.593551159	2.54946E-06
605	5.697228432	2.00804E-06
604	5.757459641	1.748E-06
603	5.990674019	1.02171E-06
602	5.626663208	2.36231E-06
601	6.01429081	9.6763E-07
600	10	1E-10
599	10	1E-10
598	6.275262356	5.30564E-07
597	10	1E-10
596	10	1E-10
595	10	1E-10
594	10	1E-10
593	10	1E-10
592	5.95220232	1.11634E-06
591	5.736998081	1.83232E-06
590	10	1E-10
589	6.353113651	4.43493E-07
588	10	1E-10
587	5.901533604	1.25449E-06
586	6.239645958	5.75909E-07
585	10	1E-10
584	5.581069946	2.6238E-06
583	5.962036133	1.09135E-06
582	5.750781536	1.77508E-06
581	10	1E-10
580	7.569518566	2.69452E-08
579	5.837734699	1.453E-06
578	5.783720016	1.64543E-06
577	6.379285812	4.17555E-07
576	10	1E-10
575	10	1E-10
574	10	1E-10
573	6.074654102	8.42066E-07
572	6.2571311	5.53183E-07
571	6.434726238	3.67514E-07
570	10	1E-10
569	6.004682541	9.89276E-07
568	10	1E-10
567	10	1E-10
566	6.103422642	7.88093E-07
565	10	1E-10
564	10	1E-10
563	10	1E-10
562	6.089369297	8.14012E-07
561	10	1E-10
560	10	1E-10
559	10	1E-10
558	10	1E-10
557	10	1E-10
556	6.199613571	6.31519E-07
555	10	1E-10
554	6.476658821	3.33688E-07
553	5.871057034	1.34568E-06
552	10	1E-10
551	10	1E-10
550	6.147258759	7.12428E-07
549	10	1E-10
548	6.127570152	7.45469E-07
547	5.590552807	2.56713E-06
546	5.970632553	1.06996E-06
545	7.071895599	8.47431E-08
544	5.721697807	1.89803E-06
543	6.072592735	8.46072E-07
542	10	1E-10
541	10	1E-10
540	5.901123524	1.25567E-06
539	10	1E-10
538	6.057380199	8.76233E-07
537	6.598721981	2.51929E-07
536	10	1E-10
535	6.306071758	4.94229E-07
534	6.219074249	6.03845E-07
533	7.940917015	1.14573E-08
532	10	1E-10
531	10	1E-10
530	5.931333065	1.1713E-06
529	10	1E-10
528	10	1E-10
527	5.804758072	1.56762E-06
526	10	1E-10
525	10	1E-10
524	5.898564816	1.26309E-06
523	5.714882374	1.92805E-06
522	5.753670216	1.76331E-06
521	5.983273506	1.03927E-06
520	10	1E-10
519	10	1E-10
518	10	1E-10
517	10	1E-10
516	5.889636517	1.28933E-06
515	6.22250843	5.99089E-07
514	10	1E-10
513	6.016750813	9.62164E-07
512	6.042197227	9.07408E-07
511	6.206750393	6.21226E-07
510	6.233477116	5.84148E-07
509	5.738541126	1.82582E-06
508	6.164196014	6.85179E-07
507	10	1E-10
506	6.166825771	6.81043E-07
505	10	1E-10
504	10	1E-10
503	7.016170025	9.63452E-08
502	6.040279388	9.11424E-07
501	10	1E-10
500	6.044993401	9.01585E-07
499	5.624482155	2.3742E-06
498	5.607695103	2.46777E-06
497	6.380043507	4.16828E-07
496	10	1E-10
495	5.55603838	2.77947E-06
494	6.278658867	5.26431E-07
493	5.765602112	1.71553E-06
492	5.775882244	1.6754E-06
491	5.671427727	2.13095E-06
490	5.751928806	1.7704E-06
489	5.122348785	7.54486E-06
488	5.120018482	7.58545E-06
487	5.02704525	9.39625E-06
486	4.936249256	1.15811E-05
485	4.814224243	1.53382E-05
484	4.72319603	1.89149E-05
483	4.630131245	2.34352E-05
482	4.529287338	2.95606E-05
481	4.379182816	4.17655E-05
480	4.301137447	4.99876E-05
479	4.19785738	6.34078E-05
478	4.111638546	7.73324E-05
477	4.023202419	9.47977E-05
476	3.928399086	0.000117924
475	3.854617596	0.00013976
474	3.770069122	0.000169797
473	3.693667412	0.000202457
472	3.620281458	0.000239728
471	3.547358274	0.000283558
470	3.473830223	0.000335869
469	3.40683198	0.000391893
468	3.337320566	0.000459917
467	3.275905371	0.000529779
466	3.219849348	0.000602769
465	3.166842699	0.000681016
464	3.117028475	0.000763786
463	3.072162628	0.00084691
462	3.026756763	0.00094025
461	2.986884832	0.001030659
460	2.950060606	0.001121862
459	2.914668322	0.001217115
458	2.880537271	0.001316627
457	2.851071119	0.001409058
456	2.82295537	0.001503296
455	2.796879053	0.001596324
454	2.772109032	0.001690017
453	2.749872923	0.0017788
452	2.727436543	0.001873111
451	2.706223011	0.001966876
450	2.685887814	0.002061162
449	2.666648149	0.002154527
448	2.647845507	0.002249855
447	2.630483866	0.002341618
446	2.615244865	0.002425242
445	2.6019032	0.002500903
444	2.589174986	0.002575283
443	2.577359438	0.002646309
442	2.566954613	0.002710475
441	2.558448553	0.002764085
440	2.550582409	0.002814606
439	2.54305625	0.002863807
438	2.53678894	0.002905434
437	2.529451847	0.002954937
436	2.524332523	0.002989974
435	2.519072771	0.003026406
434	2.514282465	0.003059973
433	2.509423018	0.003094404
432	2.505373001	0.003123396
431	2.502631903	0.003143172
430	2.500802279	0.003156441
429	2.499340296	0.003167085
428	2.498965502	0.003169819
427	2.497632265	0.003179565
426	2.497452259	0.003180883
425	2.497922182	0.003177443
424	2.49890542	0.003170258
423	2.500799417	0.003156462
422	2.504111052	0.003132485
421	2.507310867	0.00310949
420	2.511631966	0.003078705
419	2.517395735	0.003038115
418	2.522748232	0.003000902
417	2.528167248	0.00296369
416	2.534282684	0.00292225
415	2.540790558	0.002878786
414	2.547730446	0.00283315
413	2.554451227	0.002789644
412	2.563606262	0.002731453
411	2.571947813	0.00267949
410	2.581203461	0.002622989
409	2.590112209	0.002569732
408	2.600398302	0.002509584
407	2.611898184	0.002444003
406	2.62293911	0.002382654
405	2.633369923	0.002326109
404	2.645309687	0.00226303
403	2.657663822	0.002199562
402	2.668900251	0.002143383
401	2.681001663	0.002084483
400	2.694265604	0.002021782
399	2.707683086	0.001960275
398	2.721015215	0.001901012
397	2.736368895	0.001834979
396	2.752334595	0.001768746
395	2.767863274	0.00170662
394	2.784147024	0.001643815
393	2.800362587	0.001583571
392	2.818481445	0.001518863
391	2.836583376	0.001456856
390	2.853800774	0.00140023
389	2.873031378	0.00133958
388	2.893610716	0.001277583
387	2.913713932	0.001219793
386	2.935324907	0.00116058
385	2.957645893	0.001102438
384	2.975975752	0.001056877
383	2.999185801	0.001001877
382	3.019976616	0.000955044
381	3.044673681	0.000902249
380	3.067200422	0.000856642
379	3.090039968	0.000812756
378	3.115889549	0.000765791
377	3.13779068	0.000728131
376	3.162637472	0.000687642
375	3.19146347	0.000643482
374	3.215044737	0.000609474
373	3.240137577	0.000575258
372	3.26655817	0.000541305
371	3.298607588	0.000502797
370	3.323304415	0.000475002
369	3.351878405	0.000444756
368	3.378317833	0.000418487
367	3.408280611	0.000390588
366	3.439907312	0.000363156
365	3.466186285	0.000341833
364	3.495712996	0.000319365
363	3.530407906	0.000294844
362	3.561371326	0.000274555
361	3.595878839	0.000253584
360	3.626252651	0.000236454
