1100	0.009162980132	
1099.5	0.02089734003	
1099	0.02173298039	
1098.5	0.02000571415	
1098	0.01494774781	
1097.5	0.01250443794	
1097	0.01675622538	
1096.5	0.02577046119	
1096	0.01966909692	
1095.5	0.01954420842	
1095	0.02043595724	
1094.5	0.02379335277	
1094	0.01835003123	
1093.5	0.01622617804	
1093	0.02210662887	
1092.5	0.01785456203	
1092	0.02791881189	
1091.5	0.01830686629	
1091	0.02627735026	
1090.5	0.02250681072	
1090	0.01915497333	
1089.5	0.02410296351	
1089	0.01666414551	
1088.5	0.02788545191	
1088	0.02081390284	
1087.5	0.0208040718	
1087	0.01956022717	
1086.5	0.02158673666	
1086	0.01162448525	
1085.5	0.01788148284	
1085	0.02790763974	
1084.5	0.02331666835	
1084	0.02205453068	
1083.5	0.02200837061	
1083	0.02536039054	
1082.5	0.0258020889	
1082	0.02832778543	
1081.5	0.02454172447	
1081	0.02582864836	
1080.5	0.02563191019	
1080	0.02283967473	
1079.5	0.02118830569	
1079	0.02495708503	
1078.5	0.02188542485	
1078	0.01867186278	
1077.5	0.02196072415	
1077	0.01987737417	
1076.5	0.02577616833	
1076	0.03328349441	
1075.5	0.02148556896	
1075	0.03043799289	
1074.5	0.026072504	
1074	0.03089764528	
1073.5	0.03059057891	
1073	0.02712833136	
1072.5	0.02640397288	
1072	0.02784783393	
1071.5	0.02934798785	
1071	0.02745014429	
1070.5	0.03606757894	
1070	0.03031297587	
1069.5	0.02606139146	
1069	0.02483917959	
1068.5	0.02444162592	
1068	0.0294734519	
1067.5	0.0302993115	
1067	0.02737540565	
1066.5	0.03391262516	
1066	0.03610079363	
1065.5	0.02738380805	
1065	0.03450939804	
1064.5	0.03104423545	
1064	0.03151932731	
1063.5	0.03142504022	
1063	0.03688080609	
1062.5	0.02651469223	
1062	0.03401998058	
1061.5	0.0276268255	
1061	0.02855316922	
1060.5	0.03149774671	
1060	0.03781960532	
1059.5	0.03258134425	
1059	0.03364421427	
1058.5	0.03804402798	
1058	0.04424124956	
1057.5	0.03289197385	
1057	0.04399941117	
1056.5	0.031388212	
1056	0.04513859749	
1055.5	0.03646460176	
1055	0.03552737832	
1054.5	0.04312683269	
1054	0.04144261032	
1053.5	0.04694956169	
1053	0.03527957201	
1052.5	0.0443161428	
1052	0.04012444243	
1051.5	0.04270146787	
1051	0.04066379368	
1050.5	0.04598800465	
1050	0.04633881152	
1049.5	0.04311349243	
1049	0.0528264977	
1048.5	0.04687224701	
1048	0.04781328142	
1047.5	0.04537714273	
1047	0.04567112774	
1046.5	0.04200035706	
1046	0.04985382035	
1045.5	0.04710208625	
1045	0.06232714653	
1044.5	0.04672580212	
1044	0.04558750242	
1043.5	0.03994194791	
1043	0.04904096201	
1042.5	0.04173851386	
1042	0.04902463406	
1041.5	0.04043082893	
1041	0.06067400798	
1040.5	0.05183007568	
1040	0.05615301058	
1039.5	0.05047715455	
1039	0.04935865104	
1038.5	0.0536188595	
1038	0.0517475903	
1037.5	0.05353842676	
1037	0.0598035939	
1036.5	0.06248262525	
1036	0.06127234176	
1035.5	0.0558334887	
1035	0.05568662286	
1034.5	0.05090450123	
1034	0.05703762174	
1033.5	0.06057647243	
1033	0.05352112278	
1032.5	0.06322032213	
1032	0.05472254008	
1031.5	0.05174453929	
1031	0.05590306967	
1030.5	0.06018280238	
1030	0.05561808497	
1029.5	0.06497591734	
1029	0.07773559541	
1028.5	0.06465063989	
1028	0.05606057122	
1027.5	0.06899148226	
1027	0.06478178501	
1026.5	0.0650614202	
1026	0.07028879225	
1025.5	0.06608959287	
1025	0.06743311882	
1024.5	0.07579974085	
1024	0.07473076135	
1023.5	0.07232207805	
1023	0.06418788433	
1022.5	0.06988741457	
1022	0.06810873002	
1021.5	0.07346292585	
1021	0.07668342441	
1020.5	0.06255941838	
1020	0.07075669616	
1019.5	0.07661217451	
1019	0.07398633659	
1018.5	0.07370476425	
1018	0.08828662336	
1017.5	0.08017750084	
1017	0.07421123981	
1016.5	0.07957801223	
1016	0.0793345049	
1015.5	0.08153670281	
1015	0.06945028901	
1014.5	0.07287349552	
1014	0.08121653646	
1013.5	0.08687450737	
1013	0.07849668711	
1012.5	0.08410028368	
1012	0.08252552152	
1011.5	0.08531358093	
1011	0.08420221508	
1010.5	0.08628564328	
1010	0.08917482942	
1009.5	0.08854158968	
1009	0.09359260648	
1008.5	0.09235717356	
1008	0.08647055924	
1007.5	0.0944275558	
1007	0.09322677553	
1006.5	0.09020011127	
1006	0.09321282804	
1005.5	0.09671889991	
1005	0.09704149514	
1004.5	0.1018874198	
1004	0.09479226172	
1003.5	0.1014847457	
1003	0.10460563	
1002.5	0.09368112683	
1002	0.09838433564	
1001.5	0.1064270884	
1001	0.1045462936	
1000.5	0.1037318856	
1000	0.1086761802	
999.5	0.1049367115	
999	0.09921406209	
998.5	0.1036694497	
998	0.1104554161	
997.5	0.1065197885	
997	0.1153917313	
996.5	0.107411027	
996	0.1117653921	
995.5	0.1095867753	
995	0.1133279502	
994.5	0.1215993091	
994	0.1204355732	
993.5	0.1181129366	
993	0.1218942553	
992.5	0.1252545714	
992	0.1223949492	
991.5	0.1252254695	
991	0.1278591752	
990.5	0.1251740903	
990	0.126685217	
989.5	0.1311559528	
989	0.1275550574	
988.5	0.1337741613	
988	0.1282185018	
987.5	0.1284638047	
987	0.13218835	
986.5	0.1366240829	
986	0.1409975141	
985.5	0.1390718669	
985	0.143856734	
984.5	0.1402513385	
984	0.1428020895	
983.5	0.1397502571	
983	0.1535782814	
982.5	0.1456968784	
982	0.1437503695	
981.5	0.1475636661	
981	0.1590413451	
980.5	0.1509931684	
980	0.1595924944	
979.5	0.1543442756	
979	0.1555579305	
978.5	0.1543061137	
978	0.1591225117	
977.5	0.1661301404	
977	0.1701214164	
976.5	0.1670508236	
976	0.1720213294	
975.5	0.1670058519	
975	0.1812246442	
974.5	0.1877861321	
974	0.173702687	
973.5	0.1711906791	
973	0.1783175468	
972.5	0.1839736998	
972	0.1798647046	
971.5	0.1805289537	
971	0.1884117126	
970.5	0.1826794595	
970	0.19754453	
969.5	0.2017345577	
969	0.2022806257	
968.5	0.1966212392	
968	0.1993374377	
967.5	0.2065526247	
967	0.2078521252	
966.5	0.214626357	
966	0.1955714375	
965.5	0.2116096169	
965	0.2054184377	
964.5	0.224668771	
964	0.2312553376	
963.5	0.2249569446	
963	0.2262403518	
962.5	0.2266659439	
962	0.2294591367	
961.5	0.2296610028	
961	0.2312059551	
960.5	0.2371717542	
960	0.2357011437	
959.5	0.2329523712	
959	0.2466409504	
958.5	0.2440365255	
958	0.247514084	
957.5	0.2516048849	
957	0.2530245185	
956.5	0.2564353049	
956	0.2638607621	
955.5	0.2667656541	
955	0.2688755393	
954.5	0.2740758657	
954	0.2787598073	
953.5	0.2743185163	
953	0.2825282812	
952.5	0.2843884528	
952	0.284960717	
951.5	0.297837019	
951	0.2894015312	
950.5	0.3056203127	
950	0.2934820354	
949.5	0.3162366748	
949	0.3083185852	
948.5	0.3079545796	
948	0.3120242059	
947.5	0.3294807076	
947	0.32403332	
946.5	0.3260039687	
946	0.3325331509	
945.5	0.337482512	
945	0.3336465359	
944.5	0.3408328593	
944	0.3451470137	
943.5	0.3457339406	
943	0.3539096117	
942.5	0.3603332937	
942	0.3532499671	
941.5	0.3681182563	
941	0.3790675104	
940.5	0.3771333098	
940	0.3772482276	
939.5	0.3848255575	
939	0.384183228	
938.5	0.3965496123	
938	0.4018646777	
937.5	0.4085478783	
937	0.4090594649	
936.5	0.4120436907	
936	0.421990782	
935.5	0.426608175	
935	0.4264811575	
934.5	0.4400515854	
934	0.4377732575	
933.5	0.4416328967	
933	0.4487101436	
932.5	0.4588167071	
932	0.4583737254	
931.5	0.4784687459	
931	0.4733207524	
930.5	0.4761403501	
930	0.4861531258	
929.5	0.4916725159	
929	0.5006985068	
928.5	0.4974731803	
928	0.503452301	
927.5	0.5126829147	
927	0.522834003	
926.5	0.5288828015	
926	0.5301408768	
925.5	0.5396871567	
925	0.5468552113	
924.5	0.5522823334	
924	0.5598264933	
923.5	0.5576615334	
923	0.5707003474	
922.5	0.5798369646	
922	0.5877868533	
921.5	0.590509057	
921	0.6012329459	
920.5	0.6144132018	
920	0.6144326329	
919.5	0.6202029586	
919	0.6294981837	
918.5	0.6297061443	
918	0.6546574831	
917.5	0.6562253833	
917	0.6584616899	
916.5	0.6668770909	
916	0.6806049347	
915.5	0.6879959702	
915	0.7004678845	
914.5	0.7003862262	
914	0.7170793414	
913.5	0.7210748792	
913	0.7313477397	
912.5	0.7365612388	
912	0.7518445849	
911.5	0.7466916442	
911	0.765594542	
910.5	0.7719727159	
910	0.783714354	
909.5	0.7894014716	
909	0.8086229563	
908.5	0.8082525134	
908	0.8283876777	
907.5	0.8294087648	
907	0.8404334784	
906.5	0.8604761362	
906	0.8642163873	
905.5	0.8677684665	
905	0.8934059143	
904.5	0.9067525268	
904	0.9128525853	
903.5	0.9130646586	
903	0.941326499	
902.5	0.9337476492	
902	0.9472413063	
901.5	0.9620862007	
901	0.9767082334	
900.5	0.9789114594	
900	0.9990539551	
899.5	1.00866878	
899	1.024542451	
898.5	1.03730762	
898	1.05153501	
897.5	1.060879469	
897	1.072026372	
896.5	1.090741873	
896	1.102507353	
895.5	1.116021395	
895	1.130256772	
894.5	1.139869452	
894	1.162280321	
893.5	1.172991037	
893	1.189978123	
892.5	1.198176265	
892	1.215772033	
891.5	1.232366204	
891	1.243870258	
890.5	1.259687901	
890	1.278445482	
889.5	1.289286852	
889	1.306540489	
888.5	1.321382761	
888	1.343309402	
887.5	1.350966334	
887	1.374482512	
886.5	1.394111037	
886	1.409038544	
885.5	1.438600898	
885	1.455372095	
884.5	1.461282611	
884	1.474690199	
883.5	1.492489576	
883	1.521527648	
882.5	1.534428596	
882	1.556448221	
881.5	1.575535893	
881	1.590151548	
880.5	1.614146709	
880	1.63446629	
879.5	1.644288182	
879	2.356072664	
878.5	1.980787516	
878	1.79508388	
877.5	1.783430219	
877	1.841804385	
876.5	1.8255862	
876	1.829003572	
875.5	1.898940682	
875	1.911384821	
874.5	1.881297827	
874	1.950961113	
873.5	1.958149314	
873	2.00993228	
872.5	2.073714256	
872	2.066191196	
871.5	2.127907515	
871	2.118487597	
870.5	2.148869753	
870	2.160795927	
869.5	2.195260048	
869	2.246202946	
868.5	2.275348663	
868	2.286112309	
867.5	2.286701679	
867	2.358975887	
866.5	2.389017582	
866	2.427001953	
865.5	2.453918457	
865	2.491315365	
864.5	2.502797604	
864	2.510489225	
863.5	2.574124813	
863	2.575698376	
862.5	2.611447573	
862	2.678079605	
861.5	2.697187424	
861	2.731496572	
860.5	2.728235722	
860	2.792108774	
859.5	2.832879782	
859	2.867724419	
858.5	2.899475574	
858	2.923521042	
857.5	2.981833696	
857	2.995942354	
856.5	3.031105995	
856	3.070407867	
855.5	3.119220495	
855	3.148684025	
854.5	3.179724455	
854	3.233042717	
853.5	3.266582727	
853	3.310918808	
852.5	3.366784096	
852	3.389343977	
851.5	3.455520868	
851	3.477607012	
850.5	3.504959583	
850	3.563244343	
849.5	3.610462666	
849	3.646515369	
848.5	3.672577143	
848	3.725389481	
847.5	3.817443848	
847	3.836273432	
846.5	3.861233234	
846	3.924788952	
845.5	3.954915762	
845	4.01105547	
844.5	4.072841167	
844	4.110652924	
843.5	4.157533646	
843	4.205157757	
842.5	4.265763283	
842	4.335006714	
841.5	4.360792637	
841	4.402844429	
840.5	4.481957436	
840	4.5343647	
839.5	4.575191021	
839	4.650369644	
838.5	4.689968586	
838	4.738414288	
837.5	4.784790993	
837	4.864106178	
836.5	4.921781063	
836	4.959177971	
835.5	5.044985294	
835	5.058941841	
834.5	5.132658482	
834	5.185248375	
833.5	5.247960091	
833	5.318661213	
832.5	5.403959751	
832	5.474796295	
831.5	5.507626057	
831	5.579609871	
830.5	5.644646645	
830	5.681601048	
829.5	5.788472652	
829	5.848387718	
828.5	5.903397083	
828	5.966892242	
827.5	6.057945728	
827	6.119540215	
826.5	6.178078651	
826	6.248327732	
825.5	6.316982746	
825	6.402811527	
824.5	6.485892296	
824	6.534264088	
823.5	6.607201099	
823	6.686002731	
822.5	6.767968178	
822	6.866380692	
821.5	6.912246227	
821	6.986349106	
820.5	7.0554986	
820	7.151319027	
819.5	7.236272812	
819	7.310482025	
818.5	7.382502556	
818	7.445990086	
817.5	7.545985222	
817	7.625432491	
816.5	7.733106613	
816	7.784031391	
815.5	7.913705826	
815	7.986232758	
814.5	8.05418396	
814	8.157053947	
813.5	8.235374451	
813	8.322336197	
812.5	8.420367241	
812	8.485360146	
811.5	8.631094933	
811	8.711753845	
810.5	8.771157265	
810	8.866979599	
809.5	8.976383209	
809	9.081980705	
808.5	9.136058807	
808	9.263857841	
807.5	9.364376068	
807	9.487405777	
806.5	9.569643021	
806	9.68516922	
805.5	9.774609566	
805	9.876376152	
804.5	9.961056709	
804	10.08537102	
803.5	10.18856812	
803	10.27036858	
802.5	10.37119389	
802	10.48128128	
801.5	10.58426762	
801	10.73255157	
800.5	10.84067535	
800	10.95446014	
799.5	11.05858326	
799	11.15701103	
798.5	11.28590965	
798	11.39694023	
797.5	11.5246582	
797	11.6029644	
796.5	11.76016521	
796	11.89504147	
795.5	11.97071266	
795	12.10140324	
794.5	12.23879719	
794	12.37339115	
793.5	12.46811962	
793	12.61099148	
792.5	12.6976881	
792	12.84924412	
791.5	12.95145798	
791	13.0962801	
790.5	13.23853397	
790	13.36524487	
789.5	13.48102665	
789	13.61414623	
788.5	13.73002052	
788	13.8888855	
787.5	14.01449585	
787	14.13596153	
786.5	14.30291939	
786	14.40401554	
785.5	14.55006599	
785	14.6854248	
784.5	14.84324169	
784	15.0135088	
783.5	15.11682892	
783	15.28687668	
782.5	15.41954708	
782	15.56043816	
781.5	15.71119595	
781	15.8476162	
780.5	15.99137497	
780	16.13838196	
779.5	16.26160431	
779	16.41525841	
778.5	16.59557152	
778	16.75005341	
777.5	16.87078285	
777	17.08117485	
776.5	17.20509148	
776	17.38039207	
775.5	17.51106453	
775	17.67847824	
774.5	17.8313961	
774	18.00777054	
773.5	18.16680336	
773	18.30739021	
772.5	18.49206543	
772	18.63701248	
771.5	18.79626274	
771	18.99629593	
770.5	19.14791107	
770	19.29891205	
769.5	19.46320915	
769	19.63912392	
768.5	19.7996788	
768	19.96637726	
767.5	20.15227127	
767	20.32624817	
766.5	20.52355766	
766	20.6775856	
765.5	20.84962463	
765	21.02459145	
764.5	21.19190598	
764	21.35716438	
763.5	21.54095268	
763	21.73594475	
762.5	21.9196682	
762	22.0511837	
761.5	22.28199959	
761	22.45087242	
760.5	22.64529037	
760	22.80010605	
759.5	23.03303909	
759	23.22862625	
758.5	23.3648262	
758	23.564991	
757.5	23.7449379	
757	23.93757439	
756.5	24.10432243	
756	24.33491516	
755.5	24.53926277	
755	24.68857956	
754.5	24.91180038	
754	25.1051693	
753.5	25.30389214	
753	25.47893143	
752.5	25.66773033	
752	25.91568184	
751.5	26.0814991	
751	26.2771225	
750.5	26.49458313	
750	26.70710373	
749.5	26.88723564	
749	27.13155365	
748.5	27.2875061	
748	27.49128723	
747.5	27.69050026	
747	27.94799423	
746.5	28.10431671	
746	28.28043747	
745.5	28.49733734	
745	28.66996193	
744.5	28.90986252	
744	29.13124275	
743.5	29.32544327	
743	29.50423431	
742.5	29.72870255	
742	29.93503571	
741.5	30.15992355	
741	30.36758041	
740.5	30.55548668	
740	30.75766563	
739.5	30.96810532	
739	31.20054626	
738.5	31.40798759	
738	31.62224197	
737.5	31.83392334	
737	32.04282379	
736.5	32.26092148	
736	32.44988632	
735.5	32.71186829	
735	32.92635345	
734.5	33.13619232	
734	33.35575485	
733.5	33.59833145	
733	33.73882294	
732.5	33.96892929	
732	34.18330383	
731.5	34.38003922	
731	34.61999512	
730.5	34.83669281	
730	35.0599556	
729.5	35.2959938	
729	35.54240799	
728.5	35.76831055	
728	35.94966125	
727.5	36.14307785	
727	36.38592529	
726.5	36.6161499	
726	36.90314865	
725.5	37.08394623	
725	37.31316376	
724.5	37.54761887	
724	37.78702164	
723.5	37.98715591	
723	38.17976379	
722.5	38.43841553	
722	38.69832611	
721.5	38.88956451	
721	39.11112976	
720.5	39.34783936	
720	39.56699371	
719.5	39.83098984	
719	40.07000732	
718.5	40.28873062	
718	40.46571732	
717.5	40.73552322	
717	40.96887589	
716.5	41.19977188	
716	41.45424652	
715.5	41.69396973	
715	41.914711	
714.5	42.12627411	
714	42.34082413	
713.5	42.58612442	
713	42.82814407	
712.5	43.07031631	
712	43.30029678	
711.5	43.52022552	
711	43.82696915	
710.5	44.01222992	
710	44.29159927	
709.5	44.49871063	
709	44.75038147	
708.5	44.97444153	
708	45.20304108	
707.5	45.42829895	
707	45.7119751	
706.5	45.94195557	
706	46.19594574	
705.5	46.43489075	
705	46.69069672	
704.5	46.92708969	
704	47.13288116	
703.5	47.39441681	
703	47.6312561	
702.5	47.9094429	
702	48.15917969	
701.5	48.40076828	
701	48.59084702	
700.5	48.85122299	
700	49.09713745	
699.5	49.33087158	
699	49.57546234	
698.5	49.84051132	
698	50.06635666	
697.5	50.27882385	
697	50.55608749	
696.5	50.76935959	
696	51.03914261	
695.5	51.26750946	
695	51.48897171	
694.5	51.77624893	
694	51.97734833	
693.5	52.25873566	
693	52.46702957	
692.5	52.74643326	
692	52.96672058	
691.5	53.1703186	
691	53.45107269	
690.5	53.70014954	
690	53.94323349	
689.5	54.20872116	
689	54.44953537	
688.5	54.69375229	
688	54.91033936	
687.5	55.15119934	
687	55.38297272	
686.5	55.6360054	
686	55.86876678	
685.5	56.1353035	
685	56.37235641	
684.5	56.6127243	
684	56.86516571	
683.5	57.07194138	
683	57.30147934	
682.5	57.59737396	
682	57.77942657	
681.5	58.04572678	
681	58.23970413	
680.5	58.47689056	
680	58.69521332	
679.5	58.9933815	
679	59.23631668	
678.5	59.47236252	
678	59.68353653	
677.5	59.9403038	
677	60.10189819	
676.5	60.31018066	
676	60.52852249	
675.5	60.77152634	
675	60.98729324	
674.5	61.22504044	
674	61.47480011	
673.5	61.67214584	
673	61.87294769	
672.5	62.08596802	
672	62.30319214	
671.5	62.52791214	
671	62.73124313	
670.5	62.95365524	
670	63.19388199	
669.5	63.38975906	
669	63.58983994	
668.5	63.7752533	
668	63.99755478	
667.5	64.19257355	
667	64.41545105	
666.5	64.61394501	
666	64.82449341	
665.5	65.04512787	
665	65.24171448	
664.5	65.45930481	
664	65.64909363	
663.5	65.86569977	
663	66.06272125	
662.5	66.26633453	
662	66.47457123	
661.5	66.63319397	
661	66.84151459	
660.5	67.04962921	
660	67.24084473	
659.5	67.42230225	
659	67.639328	
658.5	67.82888031	
658	68.03227997	
657.5	68.19115448	
657	68.41451263	
656.5	68.58726501	
656	68.84272003	
655.5	68.96391296	
655	69.16996002	
654.5	69.30794525	
654	69.51208496	
653.5	69.71992493	
653	69.95037842	
652.5	70.13819122	
652	70.33540344	
651.5	70.5026474	
651	70.67858124	
650.5	70.90652466	
650	71.08207703	
649.5	71.24564362	
649	71.46806335	
648.5	71.63982391	
648	71.85921478	
647.5	72.0166626	
647	72.20922852	
646.5	72.40988159	
646	72.56260681	
645.5	72.76947021	
645	72.93038177	
644.5	73.1027298	
644	73.2816925	
643.5	73.45973969	
643	73.63224792	
642.5	73.84780884	
642	74.03914642	
641.5	74.21574402	
641	74.37028503	
640.5	74.54055023	
640	74.72052002	
639.5	74.88286591	
639	75.07478333	
638.5	75.23192596	
638	75.41062164	
637.5	75.57923889	
637	75.73415375	
636.5	75.86774445	
636	76.01818848	
635.5	76.19804382	
635	76.36700439	
634.5	76.53742981	
634	76.6989212	
633.5	76.83940887	
633	77.01166534	
632.5	77.16833496	
632	77.32831573	
631.5	77.45858765	
631	77.6397171	
630.5	77.78044128	
630	77.9384079	
629.5	78.0975647	
629	78.24638367	
628.5	78.36833191	
628	78.51493835	
627.5	78.64761353	
627	78.79779816	
626.5	78.95402527	
626	79.09403229	
625.5	79.21427155	
625	79.35997009	
624.5	79.47351074	
624	79.62934113	
623.5	79.76805115	
623	79.91056824	
622.5	80.0320816	
622	80.14189911	
621.5	80.28742981	
621	80.43373871	
620.5	80.51792908	
620	80.6391449	
619.5	80.7826004	
619	80.90620422	
618.5	81.0151062	
618	81.13999939	
617.5	81.23851776	
617	81.31382751	
616.5	81.41144562	
616	81.51420593	
615.5	81.64417267	
615	81.72399139	
614.5	81.83881378	
614	81.93336487	
613.5	82.0430603	
613	82.08546448	
612.5	82.17905426	
612	82.25744629	
611.5	82.38185883	
611	82.44148254	
610.5	82.50882721	
610	82.56169128	
609.5	82.64706421	
609	82.69615173	
608.5	82.77050781	
608	82.83883667	
607.5	82.86813354	
607	82.91738892	
606.5	82.9995575	
606	83.04573059	
605.5	83.07012177	
605	83.12095642	
604.5	83.16007996	
604	83.15756226	
603.5	83.18768311	
603	83.12366486	
602.5	83.17438507	
602	83.12689209	
601.5	83.1436615	
601	83.11754608	
600.5	83.11132813	
600	83.14183044	
599.5	83.07985687	
599	82.96949005	
598.5	82.96446991	
598	82.92602539	
597.5	82.83104706	
597	82.74672699	
596.5	82.65390778	
596	82.52255249	
595.5	82.40626526	
595	82.33547974	
594.5	82.18188477	
594	82.0173111	
593.5	81.83132172	
593	81.69160461	
592.5	81.44962311	
592	81.25089264	
591.5	80.97332764	
591	80.68812561	
590.5	80.40857697	
590	80.15763855	
589.5	79.79149628	
589	79.49200439	
588.5	79.01215363	
588	78.60057068	
587.5	78.20760345	
587	77.7520752	
586.5	77.22096252	
586	76.77390289	
585.5	76.18010712	
585	75.51397705	
584.5	74.90409088	
584	74.19226074	
583.5	73.41815948	
583	72.6359787	
582.5	71.74862671	
582	70.9150238	
581.5	69.90077209	
581	68.93984985	
580.5	67.86107635	
580	66.71615601	
579.5	65.57585907	
579	64.3544693	
578.5	63.0981636	
578	61.82366562	
577.5	60.34332657	
577	58.92698669	
576.5	57.51556778	
576	55.92079163	
575.5	54.37856293	
575	52.7090416	
574.5	51.01557922	
574	49.32239532	
573.5	47.55375671	
573	45.69564819	
572.5	43.91771317	
572	41.99632263	
571.5	40.13910294	
571	38.26556778	
570.5	36.34186935	
570	34.50869751	
569.5	32.59477615	
569	30.63777161	
568.5	28.85516357	
568	27.02993393	
567.5	25.28983116	
567	23.56993484	
566.5	21.81512642	
566	20.2246418	
565.5	18.60836792	
565	17.09396553	
564.5	15.66207981	
564	14.23941708	
563.5	12.92950535	
563	11.68641758	
562.5	10.49712658	
562	9.440219879	
561.5	8.396344185	
561	7.439760208	
560.5	6.604232788	
560	5.793558121	
559.5	5.08374691	
559	4.460627079	
558.5	3.853302002	
558	3.345297575	
557.5	2.87300396	
557	2.446976185	
556.5	2.09657979	
556	1.768001556	
555.5	1.49658072	
555	1.261447668	
554.5	1.050629854	
554	0.8755346537	
553.5	0.722202599	
553	0.5929932594	
552.5	0.487352252	
552	0.3955574632	
551.5	0.3191422522	
551	0.2604291439	
550.5	0.2046237886	
550	0.1649727225	
549.5	0.1294847429	
549	0.1012401804	
548.5	0.08195982873	
548	0.06205363944	
547.5	0.04942740127	
547	0.03838549182	
546.5	0.02964868583	
546	0.02261824161	
545.5	0.01803849079	
545	0.01334789582	
544.5	0.0112660611	
544	0.008224671707	
543.5	0.006807716098	
543	0.005088230129	
542.5	0.004442808684	
542	0.003908743151	
541.5	0.00284417998	
541	0.002206994453	
540.5	0.001994959079	
540	0.002630542032	
539.5	0.002524060896	
539	0.002206005389	
538.5	0.001888134633	
538	0.001993834972	
537.5	0.00125323364	
537	0.001252915477	
536.5	0.002521997783	
536	0.000722881814	
535.5	0.001040310948	
535	0.001251569716	
534.5	0.001144334557	
534	0.0008248434169	
533.5	0.0006119848695	
533	0.001990436809	
532.5	0.001671221224	
532	0.001670480706	
531.5	0.001882316777	
531	0.001349856844	
530.5	0.002308929805	
530	0.0003867958148	
529.5	0.002521844348	
529	0.0008099210681	
528.5	0.0009156569722	
528	0.0005923775025	
527.5	0.0004831056285	
527	0.001340184477	
526.5	0.001876427094	
526	0.001121080131	
525.5	0.001335131354	
525	0.001333937747	
524.5	0.001548905624	
524	0.0004631931079	
523.5	0.001979495864	
523	0.001326911151	
522.5	0.00176000176	
522	0.001976888161	
521.5	0.0002302660723	
521	0.0023038988	
520.5	0.00285070762	
520	0.002631309442	
519.5	0.001863438636	
519	0.001422270318	
518.5	0.001751117874	
518	0.0002028762829	
517.5	0.002080636797	
517	0.001192798605	
516.5	0.002412939211	
516	0.001299475203	
515.5	0.001408963348	
515	0.001965115312	
514.5	0.002076432575	
514	0.001515035867	
513.5	0.001737397746	
513	4.523413372E-5	
512.5	0.001670164987	
512	0.0008286567172	
511.5	0.002509016776	
511	0.001666021533	
510.5	0.001029780018	
510	0.0008154062089	
509.5	0.002085035434	
509	0.0009137748857	
508.5	0.001443881309	
508	0.0007999234949	
507.5	0.00122557662	
507	0.001652492909	
506.5	0.00229733251	
506	0.001217674813	
505.5	0.0005644659977	
505	0.0009937384166	
504.5	0.001968916506	
504	0.0008781529614	
503.5	0.0005465855938	
503	0.002076203935	
502.5	0.001965794479	
502	0.00108310848	
501.5	0.002184714656	
501	0.002073277254	
500.5	0.0008504829602	
500	0.002293325728	
499.5	0.0009536072612	
499	0.002181696706	
498.5	0.002622005995	
498	0.0006200988428	
497.5	0.001034752349	
497	0.001872208435	
496.5	0.001871010172	
496	0.0005999177229	
495.5	0.001550338813	
495	0.00133563939	
494.5	0.00122561981	
494	0.0003652553132	
493.5	0.002076883567	
493	0.001106993877	
492.5	0.002830949612	
492	0.001208003145	
491.5	0.002073584357	
491	0.001527957967	
490.5	0.0002145577746	
490	0.0006463652826	
489.5	0.002180120209	
489	0.0008556130342	
488.5	0.0006306227879	
488	0.0006257566856	
487.5	0.001621168107	
487	0.00228845235	
486.5	0.002623664215	
486	0.002512113191	
485.5	0.001661146292	
485	0.001554597984	
484.5	0.001866530511	
484	0.002390431939	
483.5	0.001651972183	
483	0.000592569937	
482.5	0.0004797533038	
482	0.001647080178	
481.5	0.002072385978	
481	0.001428123098	
480.5	0.001104044029	
480	0.001855003182	
479.5	0.0007723551826	
479	0.001634924905	
478.5	0.0009803061839	
478	-0.0001138014995	
477.5	0.001628733706	
477	0.001407244126	
476.5	0.002064214554	
476	0.001401753165	
475.5	0.001841464429	
475	0.001618689974	
474.5	0.0007277633995	
474	0.001502857776	
473.5	0.001053948188	
473	0.000257829437	
472.5	0.001552379923	
472	0.001445804839	
471.5	0.0007102307864	
471	0.0009166754317	
470.5	0.001649179612	
470	0.001437093364	
469.5	0.001328370767	
469	0.0006909667864	
468.5	0.001642731484	
468	0.001216208562	
467.5	0.0003613859881	
467	0.002385870088	
466.5	0.001530711772	
466	0.0005643460318	
465.5	0.002064638538	
465	0.001956657274	
464.5	0.000771266059	
464	0.0007681408315	
463.5	0.0005501122796	
463	0.0005474098725	
462.5	0.00141062797	
462	0.001626525423	
461.5	0.002059462946	
461	0.001515582902	
460.5	0.001297266688	
460	0.0008611139492	
459.5	0.001512906514	
459	0.001293868176	
458.5	0.001184117631	
458	0.0005277889431	
457.5	0.001400521025	
457	0.001399177709	
456.5	0.001289643813	
456	0.001289179665	
455.5	0.001288796542	
455	0.0004127228749	
454.5	0.0007404701319	
454	0.0008496994269	
453.5	0.001068020589	
453	0.001177305938	
452.5	0.001176643884	
452	0.000300405809	
451.5	0.001394966268	
451	0.000627692265	
450.5	0.001394055318	
450	0.002271182137	
449.5	0.002270550467	
449	0.001721515786	
448.5	0.001501774648	
448	0.001720825443	
447.5	0.00150071946	
447	0.000290628901	
446.5	-0.000262366666	
446	0.0001747898787	
445.5	0.0007234498626	
445	0.0006105016218	
444.5	-5.779974163E-5	
444	0.0001588731102	
443.5	0.0006142437342	
443	0.000920305145	
442.5	0.0009160981863	
442	0.0007034884184	
441.5	0.0005923851859	
441	0.0006903451867	
440.5	0.0007886257954	
440	0.0007805027999	
439.5	0.000665290805	
439	0.0007632186753	
438.5	0.001077333116	
438	0.0001989757438	
437.5	0.001060175244	
437	5.870446694E-5	
436.5	0.0008535139496	
436	0.0004927268019	
435.5	0.0005822892999	
435	0.0006720183883	
434.5	0.0008702297346	
434	0.0002050953335	
433.5	0.0005112186773	
433	-0.0002836096683	
432.5	0.000295601465	
432	0.001209046342	
431.5	0.0008750897832	
431	0.0003167934483	
430.5	0.001384736155	
430	0.000817057502	
429.5	0.0002712925489	
429	0.0005599901197	
428.5	-0.000115443705	
428	0.0003950849059	
427.5	-2.046651207E-5	
427	-5.2402851E-5	
426.5	0.0004426925443	
426	-0.0002382247912	
425.5	0.001043104799	
425	0.0003492209944	
424.5	0.0005602451274	
424	0.0006389939808	
423.5	6.10370771E-5	
423	0.001027930994	
422.5	-0.0001759522711	
422	0.001716940082	
421.5	0.0009421561845	
421	-0.0001926476834	
420.5	0.001413458842	
420	0.0001156412982	
419.5	0.0004044887319	
419	0.0008145479369	
418.5	0.0004804803175	
418	0.0004498302005	
417.5	0.0006351661286	
417	0.0009379918338	
416.5	0.0002972464135	
416	0.0007808486116	
415.5	0.000865149661	
415	0.0005163883907	
414.5	0.00115108618	
414	0.0003391307255	
413.5	4.24121281E-5	
413	0.001077911002	
412.5	0.001493700664	
412	0.0009316189098	
411.5	0.0005105801974	
411	0.001832392649	
410.5	-0.0002023295965	
410	-0.000238629611	
409.5	0.0003857515403	
409	0.0004711665388	
408.5	0.0004731955996	
408	0.0007671992644	
407.5	0.001608778839	
407	0.0008351989673	
406.5	0.001285446575	
406	0.00131839118	
405.5	0.00151729479	
405	0.002254963387	
404.5	0.001173120341	
404	-0.0001554190967	
403.5	0.001390862861	
403	0.0002800359798	
402.5	0.0002541098511	
402	0.0003367674653	
401.5	0.0008516458329	
401	-0.0001518147765	
400.5	-1.290466389E-5	
400	0.001008079969	
399.5	0.0006746281288	
399	0.0007603807608	
398.5	0.0002028339222	
398	0.00116110954	
397.5	0.0005265078507	
397	0.0003828313202	
396.5	0.001730780932	
396	0.0004409125249	
395.5	0.0008499115356	
395	0.0002825211268	
394.5	0.0007416796288	
394	0.0009008162306	
393.5	0.0004589089658	
393	0.0004345251073	
392.5	0.0001918576309	
392	0.0009362713899	
391.5	0.0001911630243	
391	0.0008965866291	
390.5	2.727051287E-5	
390	0.0008584057214	
389.5	-0.0002582085144	
389	3.93513219E-5	
388.5	6.685574772E-5	
388	0.0007763831527	
387.5	-0.0002124694001	
387	0.0005120094283	
386.5	0.0002077281824	
386	0.0006964398199	
385.5	0.0005656697322	
385	-5.698957466E-7	
384.5	0.0002909987816	
384	0.0008143140003	
383.5	0.001006592764	
383	0.00151784881	
382.5	-1.256128417E-5	
382	0.0005001859972	
381.5	-0.0001355273271	
381	0.0006869446952	
380.5	0.0004438902542	
380	0.0003000933793	
379.5	0.0002116544056	
379	0.0001693524682	
378.5	0.001733121811	
378	0.0002005923598	
377.5	0.0003227714624	
377	0.00153458945	
376.5	0.0006648365525	
376	0.001069368329	
375.5	-0.0001153259072	
375	0.0004805152421	
374.5	0.0008716946468	
374	0.000950227899	
373.5	-0.0003583931539	
373	0.0001486190595	
372.5	0.0008589329664	
372	0.0006021053414	
371.5	0.000692353351	
371	0.0006525318022	
370.5	0.001052152133	
370	0.001248807181	
369.5	0.0008713555872	
369	0.0003911710228	
368.5	0.001055110479	
368	-0.0001066884724	
367.5	0.0006038049469	
367	0.001298838411	
366.5	0.0004261023714	
366	0.001379777095	
365.5	0.0004596855433	
365	0.001399059896	
364.5	0.0002822123643	
364	0.001297342707	
363.5	0.0003108906967	
363	0.0008821296506	
362.5	0.001052919659	
362	0.001238427823	
361.5	0.001508272253	
361	0.0009077583672	
360.5	0.0007446780219	
360	0.001821346115	
359.5	0.0005312375724	
359	0.001597384107	
358.5	0.002174831228	
358	0.00136731239	
357.5	0.001095133484	
357	0.001039587427	
356.5	0.0003167264804	
356	0.001938923961	
355.5	0.001731600845	
355	0.001937746652	
354.5	-0.000579191721	
354	0.002179843141	
353.5	0.001952421502	
353	0.003652846441	
352.5	0.00174094562	
352	0.002053689444	
351.5	0.001738807652	
351	0.001738263061	
350.5	0.002290455624	
350	0.001945940312	
349.5	0.003169680713	
349	-0.0008289125399	
348.5	0.001908942591	
348	0.001506181201	
347.5	0.001732216566	
347	0.0001776300633	
346.5	0.0005181522574	
346	0.0008532042848	
345.5	0.001187742106	
345	0.001961171627	
344.5	0.002071438823	
344	0.00131001824	
343.5	0.001641639159	
343	0.001213327167	
342.5	0.001324432786	
342	0.0008934083744	
341.5	0.0009008661145	
341	0.0003699278168	
340.5	0.001337034395	
340	0.0004873541475	
339.5	0.0006065126508	
339	5.312701978E-5	
338.5	0.001402944792	
338	0.001192292199	
337.5	0.001640308998	
337	0.0003549596295	
336.5	0.001125503913	
336	0.001032612054	
335.5	0.001046552323	
335	0.001264155493	
334.5	0.0008668158553	
334	0.001084306976	
333.5	0.001749616466	
333	0.001111916732	
332.5	0.0008036491927	
332	0.0008225695929	
331.5	0.0006327100564	
331	3.599459887E-5	
330.5	0.001183004351	
330	-0.0004121147795	
329.5	0.001431562006	
329	0.0006910963566	
328.5	7.754647231E-5	
328	0.0007350025699	
327.5	0.0002382249659	
327	0.001281284261	
326.5	0.001470831572	
326	0.0002394771582	
325.5	0.0005810378934	
325	0.0002794413012	
324.5	0.00030266674	
324	-0.0001963165851	
323.5	0.0009665965335	
323	0.0005731686833	
322.5	0.0006488898071	
322	0.000135184775	
321.5	5.241408871E-5	
321	0.001032343018	
320.5	0.0006273734616	
320	0.0007482933579	
319.5	0.0006635892787	
319	0.0002754105662	
318.5	-0.0007463972433	
318	0.0003653933236	
317.5	0.0007040654309	
317	0.0004047165858	
316.5	0.0008428560104	
316	0.0004472261353	
315.5	-4.28294079E-5	
315	0.0004870028934	
314.5	0.0006697553326	
314	0.0009010688518	
313.5	-0.0001467558031	
313	0.0004040959175	
312.5	0.0001109300938	
312	0.0004450177948	
311.5	0.0003601547505	
311	0.0003786962479	
310.5	0.0001409771066	
310	-0.0002874187194	
309.5	-0.0001508205169	
309	0.0006111877738	
308.5	-0.000421425706	
308	-8.50110082E-5	
307.5	0.001279244549	
307	0.0003723357513	
306.5	-0.0002836425847	
306	0.0002422549878	
305.5	0.0006914139376	
305	6.687461428E-5	
304.5	0.0003010155051	
304	-0.0006159936893	
303.5	0.0002410740126	
303	0.0007746684714	
302.5	-8.20358473E-5	
302	0.0001332235406	
301.5	0.0001594751375	
301	0.0008231013198	
300.5	-0.0003137801832	
300	-0.0005950832274
