3.038167938931297613e+03 1.739704640118745482e-01
3.116496920654534733e+03 7.179287247999500965e-02
3.198972413358626000e+03 7.765558671134559698e-04
3.285932687833735145e+03 8.595628116797476327e-04
3.377753845433474453e+03 4.838606850108018989e-04
3.474855259789062984e+03 1.617190095841871669e-03
3.577705985869250981e+03 4.521116351827147647e-03
3.686832343179092277e+03 7.084185299440789660e-03
3.802826932017131185e+03 9.833982377536640632e-03
3.926359409103849430e+03 1.230342901080440886e-02
4.058189436691109222e+03 1.367251540139734038e-02
4.199182334567469297e+03 1.513696484663586313e-02
4.350328117112569089e+03 1.528620692547678558e-02
4.512764801738185270e+03 1.546295542104427975e-02
4.687807150693577569e+03 1.550342148551197424e-02
4.876982384228760566e+03 1.537232007530124275e-02
5.082074921846022335e+03 1.520872275825395012e-02
5.305182932696933676e+03 1.470825600103987073e-02
5.548790500852648620e+03 1.400941627626901657e-02
5.815860681329355430e+03 1.338152167401364737e-02
6.109956864646876966e+03 1.259035181047729081e-02
6.435403040856195730e+03 1.183515713728743729e-02
6.797498341703780170e+03 1.097732700289857574e-02
7.202808610234404114e+03 1.016630530753300302e-02
7.659569349212076304e+03 9.643471163052154058e-03
8.178253119429589788e+03 9.046406552672520487e-03
8.772385509227613511e+03 8.481773159151349828e-03
9.459746928296350234e+03 7.965589696200470887e-03
1.026419166846535700e+04 6.730718224879759029e-03
1.121848956095884387e+04 5.856018120133487520e-03
1.236893203883495153e+04 4.624410080215822505e-03
