3.038167938931297613e+03 4.136680373537594546e-01
3.116496920654534733e+03 4.016374376966369009e-01
3.198972413358626000e+03 0.000000000000000000e+00
3.285932687833735145e+03 5.791452644315072575e+02
3.377753845433474453e+03 6.341372550191291466e-03
3.474855259789062984e+03 4.034157072441615227e-03
3.577705985869250981e+03 6.271434702595977267e-03
3.686832343179092277e+03 1.111296282871268581e-02
3.802826932017131185e+03 1.481971327728125523e-02
3.926359409103849430e+03 1.806774281143550681e-02
4.058189436691109222e+03 1.993335237947403346e-02
4.199182334567469297e+03 2.123431996512724351e-02
4.350328117112569089e+03 2.214496219861550319e-02
4.512764801738185270e+03 2.214082653587304272e-02
4.687807150693577569e+03 2.197765717546428313e-02
4.876982384228760566e+03 2.204008121872414946e-02
5.082074921846022335e+03 2.178596964381724482e-02
5.305182932696933676e+03 2.058621266217365228e-02
5.548790500852648620e+03 1.893858698709869129e-02
5.815860681329355430e+03 1.729171663784843244e-02
6.109956864646876966e+03 1.597760646213579327e-02
6.435403040856195730e+03 1.469754268440753159e-02
6.797498341703780170e+03 1.386370031208344900e-02
7.202808610234404114e+03 1.325771494662974712e-02
7.659569349212076304e+03 1.251438146791992133e-02
8.178253119429589788e+03 1.194241323128012247e-02
8.772385509227613511e+03 1.107858884975521964e-02
9.459746928296350234e+03 1.012422415485762783e-02
1.026419166846535700e+04 8.575672274667026432e-03
1.121848956095884387e+04 7.197524427318868073e-03
1.236893203883495153e+04 7.146927214277932171e-03
