3.038167938931297613e+03 6.002737976207510595e-01
3.116496920654534733e+03 2.477166480554273409e-01
3.198972413358626000e+03 2.679455630957288444e-03
3.285932687833735145e+03 2.965865707097006636e-03
3.377753845433474453e+03 1.669529897276052395e-03
3.474855259789062984e+03 5.580009490803028785e-03
3.577705985869250981e+03 1.559981860950441016e-02
3.686832343179092277e+03 2.444352170293783225e-02
3.802826932017131185e+03 3.393151809433893329e-02
3.926359409103849430e+03 4.245218346700956741e-02
4.058189436691109222e+03 4.717612722160006294e-02
4.199182334567469297e+03 5.222911500840581034e-02
4.350328117112569089e+03 5.274406511754928945e-02
4.512764801738185270e+03 5.335392433279407404e-02
4.687807150693577569e+03 5.349354986251119576e-02
4.876982384228760566e+03 5.304119295337941797e-02
5.082074921846022335e+03 5.247671102627574080e-02
5.305182932696933676e+03 5.074988295438341568e-02
5.548790500852648620e+03 4.833858182979822171e-02
5.815860681329355430e+03 4.617207224702401386e-02
6.109956864646876966e+03 4.344219196967047392e-02
6.435403040856195730e+03 4.083644175227901102e-02
6.797498341703780170e+03 3.787655453574566983e-02
7.202808610234404114e+03 3.507817680079473865e-02
7.659569349212076304e+03 3.327417151049503335e-02
8.178253119429589788e+03 3.121403881421692603e-02
8.772385509227613511e+03 2.926580792733885286e-02
9.459746928296350234e+03 2.748475038211435975e-02
1.026419166846535700e+04 2.322390649764548634e-02
1.121848956095884387e+04 2.020581054303864643e-02
1.236893203883495153e+04 1.595622691687113501e-02
