  3948.0  -0.43 
  3952.0  -0.43 
  3956.0  -0.43 
  3960.0  -0.43 
  3964.0  -0.42 
  3968.0  -0.42 
  3972.0  -0.42 
  3976.0  -0.41 
  3980.0  -0.41 
  3984.0  -0.41 
  3988.0  -0.40 
  3992.0  -0.40 
  3996.0  -0.40 
  4000.0  -0.40 
  4004.0  -0.39 
  4008.0  -0.39 
  4012.0  -0.39 
  4016.0  -0.38 
  4020.0  -0.38 
  4024.0  -0.38 
  4028.0  -0.37 
  4032.0  -0.37 
  4036.0  -0.37 
  4040.0  -0.37 
  4044.0  -0.36 
  4048.0  -0.36 
  4052.0  -0.36 
  4056.0  -0.35 
  4060.0  -0.35 
  4064.0  -0.35 
  4068.0  -0.34 
  4072.0  -0.34 
  4076.0  -0.34 
  4080.0  -0.34 
  4084.0  -0.33 
  4088.0  -0.33 
  4092.0  -0.33 
  4096.0  -0.32 
  4100.0  -0.32 
  4104.0  -0.32 
  4108.0  -0.31 
  4112.0  -0.31 
  4116.0  -0.31 
  4120.0  -0.31 
  4124.0  -0.30 
  4128.0  -0.30 
  4132.0  -0.30 
  4136.0  -0.29 
  4140.0  -0.29 
  4144.0  -0.29 
  4148.0  -0.28 
  4152.0  -0.28 
  4156.0  -0.28 
  4160.0  -0.28 
  4164.0  -0.27 
  4168.0  -0.27 
  4172.0  -0.27 
  4176.0  -0.26 
  4180.0  -0.26 
  4184.0  -0.26 
  4188.0  -0.26 
  4192.0  -0.25 
  4196.0  -0.25 
  4200.0  -0.25 
  4204.0  -0.24 
  4208.0  -0.24 
  4212.0  -0.24 
  4216.0  -0.23 
  4220.0  -0.23 
  4224.0  -0.23 
  4228.0  -0.23 
  4232.0  -0.22 
  4236.0  -0.22 
  4240.0  -0.22 
  4244.0  -0.21 
  4248.0  -0.21 
  4252.0  -0.21 
  4256.0  -0.20 
  4260.0  -0.20 
  4264.0  -0.20 
  4268.0  -0.20 
  4272.0  -0.19 
  4276.0  -0.19 
  4280.0  -0.19 
  4284.0  -0.18 
  4288.0  -0.18 
  4292.0  -0.18 
  4296.0  -0.17 
  4300.0  -0.17 
  4304.0  -0.17 
  4308.0  -0.17 
  4312.0  -0.16 
  4316.0  -0.16 
  4320.0  -0.16 
  4324.0  -0.15 
  4328.0  -0.15 
  4332.0  -0.15 
  4336.0  -0.14 
  4340.0  -0.14 
  4344.0  -0.14 
  4348.0  -0.14 
  4352.0  -0.13 
  4356.0  -0.13 
  4360.0  -0.13 
  4364.0  -0.12 
  4368.0  -0.12 
  4372.0  -0.12 
  4376.0  -0.11 
  4380.0  -0.11 
  4384.0  -0.11 
  4388.0  -0.11 
  4392.0  -0.10 
  4396.0  -0.10 
  4400.0  -0.10 
  4404.0  -0.09 
  4408.0  -0.09 
  4412.0  -0.09 
  4416.0  -0.09 
  4420.0  -0.08 
  4424.0  -0.08 
  4428.0  -0.08 
  4432.0  -0.07 
  4436.0  -0.07 
  4440.0  -0.07 
  4444.0  -0.06 
  4448.0  -0.06 
  4452.0  -0.06 
  4456.0  -0.06 
  4460.0  -0.05 
  4464.0  -0.05 
  4468.0  -0.05 
  4472.0  -0.04 
  4476.0  -0.04 
  4480.0  -0.04 
  4484.0  -0.03 
  4488.0  -0.03 
  4492.0  -0.03 
  4496.0  -0.03 
  4500.0  -0.02 
  4504.0  -0.02 
  4508.0  -0.02 
  4512.0  -0.01 
  4516.0  -0.01 
  4520.0  -0.01 
  4524.0   0.00 
  4528.0   0.00 
  4532.0   0.00 
  4536.0   0.00 
  4540.0   0.01 
  4544.0   0.01 
  4548.0   0.04 
  4552.0   0.05 
  4556.0   0.01 
  4560.0   0.05 
  4564.0   0.01 
  4568.0   0.05 
  4572.0   0.07 
  4576.0   0.08 
  4580.0   0.10 
  4584.0   0.13 
  4588.0   0.07 
  4592.0   0.07 
  4596.0   0.11 
  4600.0   0.13 
  4604.0   0.13 
  4608.0   0.06 
  4612.0   0.07 
  4616.0   0.09 
  4620.0   0.07 
  4624.0   0.05 
  4628.0   0.05 
  4632.0   0.08 
  4636.0   0.12 
  4640.0   0.09 
  4644.0   0.07 
  4648.0   0.08 
  4652.0   0.15 
  4656.0   0.14 
  4660.0   0.19 
  4664.0   0.24 
  4668.0   0.21 
  4672.0   0.06 
  4676.0   0.02 
  4680.0   0.02 
  4684.0   0.04 
  4688.0   0.08 
  4692.0   0.16 
  4696.0   0.29 
  4700.0   0.23 
  4704.0   0.23 
  4708.0   0.23 
  4712.0   0.24 
  4716.0   0.33 
  4720.0   0.38 
  4724.0   0.51 
  4728.0   0.52 
  4732.0   0.53 
  4736.0   0.57 
  4740.0   0.68 
  4744.0   0.81 
  4748.0   0.88 
  4752.0   1.01 
  4756.0   1.14 
  4760.0   1.33 
  4764.0   1.56 
  4768.0   1.75 
  4772.0   2.01 
  4776.0   2.31 
  4780.0   2.65 
  4784.0   3.11 
  4788.0   3.60 
  4792.0   4.14 
  4796.0   4.76 
  4800.0   5.43 
  4804.0   6.19 
  4808.0   6.93 
  4812.0   7.86 
  4816.0   8.86 
  4820.0   9.97 
  4824.0  11.05 
  4828.0  12.34 
  4832.0  13.72 
  4836.0  15.15 
  4840.0  16.80 
  4844.0  18.51 
  4848.0  20.29 
  4852.0  22.37 
  4856.0  24.76 
  4860.0  26.51 
  4864.0  27.75 
  4868.0  29.09 
  4872.0  30.74 
  4876.0  32.46 
  4880.0  34.27 
  4884.0  36.35 
  4888.0  38.72 
  4892.0  41.14 
  4896.0  43.33 
  4900.0  45.47 
  4904.0  47.52 
  4908.0  49.53 
  4912.0  51.41 
  4916.0  53.18 
  4920.0  54.97 
  4924.0  56.74 
  4928.0  58.32 
  4932.0  59.90 
  4936.0  61.48 
  4940.0  62.97 
  4944.0  64.41 
  4948.0  65.75 
  4952.0  67.08 
  4956.0  68.27 
  4960.0  69.43 
  4964.0  70.48 
  4968.0  71.42 
  4972.0  72.43 
  4976.0  73.48 
  4980.0  74.43 
  4984.0  75.29 
  4988.0  76.03 
  4992.0  76.77 
  4996.0  77.47 
  5000.0  78.16 
  5004.0  78.85 
  5008.0  79.42 
  5012.0  80.07 
  5016.0  80.74 
  5020.0  81.38 
  5024.0  81.94 
  5028.0  82.23 
  5032.0  82.56 
  5036.0  82.87 
  5040.0  83.29 
  5044.0  83.64 
  5048.0  84.01 
  5052.0  84.32 
  5056.0  84.59 
  5060.0  84.88 
  5064.0  85.18 
  5068.0  85.49 
  5072.0  85.66 
  5076.0  85.78 
  5080.0  85.85 
  5084.0  86.13 
  5088.0  86.32 
  5092.0  86.40 
  5096.0  86.54 
  5100.0  86.67 
  5104.0  86.76 
  5108.0  86.73 
  5112.0  86.72 
  5116.0  86.90 
  5120.0  86.97 
  5124.0  87.12 
  5128.0  87.12 
  5132.0  87.17 
  5136.0  87.17 
  5140.0  87.17 
  5144.0  87.12 
  5148.0  87.16 
  5152.0  87.29 
  5156.0  87.38 
  5160.0  87.40 
  5164.0  87.44 
  5168.0  87.46 
  5172.0  87.53 
  5176.0  87.54 
  5180.0  87.51 
  5184.0  87.46 
  5188.0  87.53 
  5192.0  87.61 
  5196.0  87.51 
  5200.0  87.40 
  5204.0  87.37 
  5208.0  87.33 
  5212.0  87.32 
  5216.0  87.40 
  5220.0  87.49 
  5224.0  87.54 
  5228.0  87.52 
  5232.0  87.39 
  5236.0  87.22 
  5240.0  87.17 
  5244.0  87.08 
  5248.0  86.92 
  5252.0  86.81 
  5256.0  86.84 
  5260.0  86.92 
  5264.0  86.86 
  5268.0  86.67 
  5272.0  86.64 
  5276.0  86.60 
  5280.0  86.43 
  5284.0  86.46 
  5288.0  86.41 
  5292.0  86.24 
  5296.0  86.10 
  5300.0  86.07 
  5304.0  86.05 
  5308.0  85.98 
  5312.0  85.96 
  5316.0  85.86 
  5320.0  85.76 
  5324.0  85.63 
  5328.0  85.48 
  5332.0  85.41 
  5336.0  85.36 
  5340.0  85.24 
  5344.0  85.05 
  5348.0  84.92 
  5352.0  84.92 
  5356.0  84.85 
  5360.0  84.72 
  5364.0  84.53 
  5368.0  84.22 
  5372.0  83.98 
  5376.0  83.92 
  5380.0  83.86 
  5384.0  83.77 
  5388.0  83.61 
  5392.0  83.36 
  5396.0  83.19 
  5400.0  83.11 
  5404.0  83.07 
  5408.0  82.87 
  5412.0  82.60 
  5416.0  82.31 
  5420.0  82.13 
  5424.0  81.94 
  5428.0  81.78 
  5432.0  81.60 
  5436.0  81.40 
  5440.0  81.06 
  5444.0  80.87 
  5448.0  80.68 
  5452.0  80.49 
  5456.0  80.20 
  5460.0  79.96 
  5464.0  79.87 
  5468.0  79.70 
  5472.0  79.41 
  5476.0  79.04 
  5480.0  78.71 
  5484.0  78.54 
  5488.0  78.32 
  5492.0  78.08 
  5496.0  77.77 
  5500.0  77.54 
  5504.0  77.22 
  5508.0  76.90 
  5512.0  76.55 
  5516.0  76.27 
  5520.0  75.97 
  5524.0  75.58 
  5528.0  75.34 
  5532.0  75.15 
  5536.0  74.86 
  5540.0  74.52 
  5544.0  74.07 
  5548.0  73.69 
  5552.0  73.39 
  5556.0  73.16 
  5560.0  72.94 
  5564.0  72.63 
  5568.0  72.27 
  5572.0  71.97 
  5576.0  71.62 
  5580.0  71.29 
  5584.0  70.86 
  5588.0  70.61 
  5592.0  70.32 
  5596.0  69.92 
  5600.0  69.47 
  5604.0  69.13 
  5608.0  68.76 
  5612.0  68.36 
  5616.0  67.99 
  5620.0  67.67 
  5624.0  67.40 
  5628.0  67.05 
  5632.0  66.69 
  5636.0  66.29 
  5640.0  65.90 
  5644.0  65.40 
  5648.0  64.95 
  5652.0  64.63 
  5656.0  64.32 
  5660.0  63.95 
  5664.0  63.45 
  5668.0  62.95 
  5672.0  62.41 
  5676.0  61.97 
  5680.0  61.55 
  5684.0  61.21 
  5688.0  60.89 
  5692.0  60.45 
  5696.0  59.99 
  5700.0  59.53 
  5704.0  59.11 
  5708.0  58.67 
  5712.0  58.16 
  5716.0  57.75 
  5720.0  57.37 
  5724.0  56.94 
  5728.0  56.45 
  5732.0  55.94 
  5736.0  55.51 
  5740.0  55.03 
  5744.0  54.59 
  5748.0  54.17 
  5752.0  53.78 
  5756.0  53.40 
  5760.0  52.97 
  5764.0  52.40 
  5768.0  51.84 
  5772.0  51.31 
  5776.0  50.72 
  5780.0  50.16 
  5784.0  49.83 
  5788.0  49.54 
  5792.0  49.14 
  5796.0  48.67 
  5800.0  48.12 
  5804.0  47.60 
  5808.0  47.02 
  5812.0  46.38 
  5816.0  45.97 
  5820.0  45.56 
  5824.0  45.20 
  5828.0  44.83 
  5832.0  44.52 
  5836.0  44.15 
  5840.0  43.59 
  5844.0  42.91 
  5848.0  42.24 
  5852.0  41.68 
  5856.0  41.26 
  5860.0  40.89 
  5864.0  40.44 
  5868.0  39.87 
  5872.0  39.34 
  5876.0  38.83 
  5880.0  38.35 
  5884.0  37.95 
  5888.0  37.56 
  5892.0  37.23 
  5896.0  36.84 
  5900.0  36.36 
  5904.0  35.86 
  5908.0  35.29 
  5912.0  34.77 
  5916.0  34.36 
  5920.0  33.87 
  5924.0  33.37 
  5928.0  32.75 
  5932.0  32.22 
  5936.0  31.88 
  5940.0  31.54 
  5944.0  31.13 
  5948.0  30.66 
  5952.0  30.20 
  5956.0  29.78 
  5960.0  29.41 
  5964.0  29.00 
  5968.0  28.58 
  5972.0  28.16 
  5976.0  27.70 
  5980.0  27.23 
  5984.0  26.78 
  5988.0  26.26 
  5992.0  25.85 
  5996.0  25.44 
  6000.0  25.07 
  6004.0  24.70 
  6008.0  24.31 
  6012.0  23.92 
  6016.0  23.55 
  6020.0  23.22 
  6024.0  22.81 
  6028.0  22.36 
  6032.0  21.94 
  6036.0  21.59 
  6040.0  21.18 
  6044.0  20.84 
  6048.0  20.48 
  6052.0  20.09 
  6056.0  19.68 
  6060.0  19.25 
  6064.0  18.89 
  6068.0  18.54 
  6072.0  18.12 
  6076.0  17.82 
  6080.0  17.52 
  6084.0  17.25 
  6088.0  16.93 
  6092.0  16.61 
  6096.0  16.29 
  6100.0  15.92 
  6104.0  15.67 
  6108.0  15.39 
  6112.0  15.09 
  6116.0  14.82 
  6120.0  14.58 
  6124.0  14.28 
  6128.0  13.95 
  6132.0  13.65 
  6136.0  13.33 
  6140.0  13.04 
  6144.0  12.83 
  6148.0  12.59 
  6152.0  12.25 
  6156.0  11.93 
  6160.0  11.68 
  6164.0  11.45 
  6168.0  11.24 
  6172.0  10.96 
  6176.0  10.64 
  6180.0  10.37 
  6184.0  10.21 
  6188.0  10.07 
  6192.0   9.85 
  6196.0   9.56 
  6200.0   9.28 
  6204.0   9.15 
  6208.0   9.04 
  6212.0   8.79 
  6216.0   8.52 
  6220.0   8.22 
  6224.0   8.06 
  6228.0   7.92 
  6232.0   7.72 
  6236.0   7.56 
  6240.0   7.34 
  6244.0   7.10 
  6248.0   6.88 
  6252.0   6.63 
  6256.0   6.58 
  6260.0   6.49 
  6264.0   6.32 
  6268.0   6.10 
  6272.0   5.91 
  6276.0   5.73 
  6280.0   5.63 
  6284.0   5.50 
  6288.0   5.37 
  6292.0   5.22 
  6296.0   5.06 
  6300.0   4.85 
  6304.0   4.73 
  6308.0   4.59 
  6312.0   4.47 
  6316.0   4.35 
  6320.0   4.28 
  6324.0   4.17 
  6328.0   4.10 
  6332.0   3.95 
  6336.0   3.78 
  6340.0   3.68 
  6344.0   3.60 
  6348.0   3.50 
  6352.0   3.42 
  6356.0   3.26 
  6360.0   3.13 
  6364.0   3.08 
  6368.0   2.98 
  6372.0   2.91 
  6376.0   2.80 
  6380.0   2.73 
  6384.0   2.61 
  6388.0   2.58 
  6392.0   2.47 
  6396.0   2.41 
  6400.0   2.38 
  6404.0   2.26 
  6408.0   2.14 
  6412.0   2.05 
  6416.0   2.03 
  6420.0   1.98 
  6424.0   1.97 
  6428.0   1.86 
  6432.0   1.76 
  6436.0   1.71 
  6440.0   1.68 
  6444.0   1.68 
  6448.0   1.64 
  6452.0   1.56 
  6456.0   1.49 
  6460.0   1.43 
  6464.0   1.37 
  6468.0   1.30 
  6472.0   1.30 
  6476.0   1.26 
  6480.0   1.18 
  6484.0   1.17 
  6488.0   1.10 
  6492.0   1.04 
  6496.0   1.00 
  6500.0   1.00 
  6504.0   1.03 
  6508.0   1.01 
  6512.0   0.92 
  6516.0   0.88 
  6520.0   0.82 
  6524.0   0.78 
  6528.0   0.77 
  6532.0   0.73 
  6536.0   0.69 
  6540.0   0.68 
  6544.0   0.63 
  6548.0   0.60 
  6552.0   0.57 
  6556.0   0.51 
  6560.0   0.50 
  6564.0   0.50 
  6568.0   0.50 
  6572.0   0.50 
  6576.0   0.50 
  6580.0   0.48 
  6584.0   0.43 
  6588.0   0.44 
  6592.0   0.40 
  6596.0   0.34 
  6600.0   0.30 
  6604.0   0.33 
  6608.0   0.38 
  6612.0   0.41 
  6616.0   0.29 
  6620.0   0.24 
  6624.0   0.28 
  6628.0   0.32 
  6632.0   0.29 
  6636.0   0.19 
  6640.0   0.25 
  6644.0   0.27 
  6648.0   0.28 
  6652.0   0.29 
  6656.0   0.20 
  6660.0   0.20 
  6664.0   0.19 
  6668.0   0.16 
  6672.0   0.15 
  6676.0   0.16 
  6680.0   0.12 
  6684.0   0.07 
  6688.0   0.06 
  6692.0   0.10 
  6696.0   0.03 
  6700.0   0.07 
  6704.0   0.10 
  6708.0   0.09 
  6712.0   0.06 
  6716.0   0.05 
  6720.0   0.05 
  6724.0   0.07 
  6728.0   0.08 
  6732.0   0.08 
  6736.0   0.04 
  6740.0   0.03 
  6744.0   0.05 
  6748.0   0.02 
  6752.0   0.00 
  6756.0   0.00 
  6760.0   0.00 
  6764.0   0.00 
  6768.0   0.00 
  6772.0   0.00 
  6776.0   0.00 
  6780.0   0.07 
  6784.0   0.02 
  6788.0   0.03 
  6792.0   0.00 
  6796.0   0.03 
  6800.0   0.05 
  6804.0   0.02 
  6808.0   0.01 
  6812.0   0.00 
  6816.0   0.00 
  6820.0   0.00 
  6824.0   0.00 
  6828.0   0.00 
  6832.0   0.00 
  6836.0   0.00 
  6840.0   0.03 
  6844.0   0.03 
  6848.0   0.00 
  6852.0   0.00 
  6856.0   0.00 
  6860.0   0.00 
  6864.0   0.00 
  6868.0   0.00 
  6872.0   0.00 
  6876.0   0.00 
  6880.0   0.00 
  6884.0   0.00 
  6888.0   0.00 
  6892.0   0.00 
  6896.0   0.00 
  6900.0   0.00 
  6904.0   0.00 
  6908.0   0.00 
  6912.0   0.00 
  6916.0   0.00 
  6920.0   0.00 
  6924.0   0.00 
  6928.0   0.00 
  6932.0   0.00 
  6936.0   0.00 
  6940.0   0.00 
  6944.0   0.00 
  6948.0   0.00 
  6952.0   0.00 
  6956.0   0.00 
  6960.0   0.00 
  6964.0   0.00 
  6968.0   0.00 
  6972.0   0.00 
  6976.0   0.00 
  6980.0   0.00 
  6984.0   0.00 
  6988.0   0.00 
  6992.0   0.00 
  6996.0   0.00 
  7000.0   0.00 
  7004.0   0.00 
  7008.0   0.00 
  7012.0   0.00 
  7016.0   0.00 
  7020.0   0.00 
  7024.0   0.00 
  7028.0   0.00 
  7032.0   0.00 
  7036.0   0.00 
  7040.0   0.00 
  7044.0   0.00 
  7048.0   0.00 
  7052.0   0.00 
  7056.0   0.00 
  7060.0   0.00 
  7064.0   0.00 
  7068.0   0.01 
  7072.0   0.01 
  7076.0   0.00 
  7080.0   0.00 
  7084.0   0.00 
  7088.0   0.00 
  7092.0   0.00 
  7096.0   0.00 
  7100.0   0.00 
  7104.0   0.00 
  7108.0   0.02 
  7112.0   0.05 
  7116.0   0.01 
  7120.0   0.00 
  7124.0   0.00 
  7128.0   0.00 
  7132.0   0.00 
  7136.0   0.00 
  7140.0   0.00 
  7144.0   0.00 
  7148.0   0.00 
  7152.0   0.00 
  7156.0   0.00 
  7160.0   0.00 
  7164.0   0.00 
  7168.0   0.02 
  7172.0   0.02 
  7176.0   0.00 
  7180.0   0.00 
  7184.0   0.03 
  7188.0   0.02 
  7192.0   0.00 
  7196.0   0.00 
  7200.0   0.00 
  7204.0   0.00 
  7208.0   0.02 
  7212.0   0.05 
  7216.0   0.01 
  7220.0   0.00 
  7224.0   0.00 
  7228.0   0.00 
  7232.0   0.00 
  7236.0   0.00 
  7240.0   0.00 
  7244.0   0.00 
  7248.0   0.00 
  7252.0   0.00 
  7256.0   0.00 
  7260.0   0.00 
  7264.0   0.00 
  7268.0   0.00 
  7272.0   0.00 
  7276.0   0.00 
  7280.0   0.00 
  7284.0   0.00 
  7288.0   0.00 
  7292.0   0.00 
  7296.0   0.00 
  7300.0   0.00 
  7304.0   0.00 
  7308.0   0.00 
  7312.0   0.00 
  7316.0   0.00 
  7320.0   0.00 
  7324.0   0.00 
  7328.0   0.00 
  7332.0   0.00 
  7336.0   0.00 
  7340.0   0.00 
  7344.0   0.03 
  7348.0   0.02 
  7352.0   0.00 
  7356.0   0.00 
  7360.0   0.00 
  7364.0   0.00 
  7368.0   0.00 
  7372.0   0.00 
  7376.0   0.04 
  7380.0   0.10 
  7384.0   0.00 
  7388.0   0.01 
  7392.0   0.03 
  7396.0   0.00 
  7400.0   0.00 
  7404.0   0.00 
  7408.0   0.01 
  7412.0   0.01 
  7416.0   0.00 
  7420.0   0.00 
  7424.0   0.00 
  7428.0   0.00 
  7432.0   0.00 
  7436.0   0.00 
  7440.0   0.00 
  7444.0   0.00 
  7448.0   0.00 
  7452.0   0.00 
  7456.0   0.00 
  7460.0   0.00 
  7464.0   0.00 
  7468.0   0.00 
  7472.0   0.00 
  7476.0   0.00 
  7480.0   0.05 
  7484.0   0.04 
  7488.0   0.03 
  7492.0   0.07 
  7496.0   0.04 
  8000.0   0.00
  9000.0   0.00

