       275.00000   1.0144003e-05
       276.00000   1.0849874e-05
       277.00000   1.1714601e-05
       278.00000   1.1502468e-05
       279.00000   9.5794248e-06
       280.00000   1.0963553e-05
       281.00000   1.3142143e-05
       282.00000   9.5976175e-06
       283.00000   1.1133699e-05
       284.00000   9.5473679e-06
       285.00000   1.0708742e-05
       286.00000   1.0649248e-05
       287.00000   1.0290373e-05
       288.00000   1.1135532e-05
       289.00000   9.2463843e-06
       290.00000   1.1048468e-05
       291.00000   9.7695556e-06
       292.00000   1.0458669e-05
       293.00000   1.1766912e-05
       294.00000   1.0095105e-05
       295.00000   9.9794233e-06
       296.00000   1.1205613e-05
       297.00000   1.2527878e-05
       298.00000   1.2181546e-05
       299.00000   1.1548530e-05
       300.00000   1.2730180e-05
       301.00000   1.0983193e-05
       302.00000   1.0016505e-05
       303.00000   1.0715422e-05
       304.00000   1.0436518e-05
       305.00000   1.2717746e-05
       306.00000   1.2585009e-05
       307.00000   1.1512854e-05
       308.00000   9.5073774e-06
       309.00000   1.0759160e-05
       310.00000   1.0984169e-05
       311.00000   9.8994642e-06
       312.00000   1.0301746e-05
       313.00000   9.4592624e-06
       314.00000   8.6082255e-06
       315.00000   1.1599106e-05
       316.00000   1.1540075e-05
       317.00000   8.9817022e-06
       318.00000   8.1140715e-06
       319.00000   1.0124942e-05
       320.00000   1.0915149e-05
       321.00000   1.1296793e-05
       322.00000   1.1266630e-05
       323.00000   9.8193577e-06
       324.00000   9.1478687e-06
       325.00000   1.1045156e-05
       326.00000   9.9359640e-06
       327.00000   1.0339333e-05
       328.00000   8.2778351e-06
       329.00000   1.0257244e-05
       330.00000   1.1202980e-05
       331.00000   9.2652863e-06
       332.00000   1.0422502e-05
       333.00000   7.7416071e-06
       334.00000   9.7247039e-06
       335.00000   8.9196810e-06
       336.00000   7.9563333e-06
       337.00000   9.0976464e-06
       338.00000   9.4853876e-06
       339.00000   9.1004940e-06
       340.00000   1.2354048e-05
       341.00000   1.0416737e-05
       342.00000   1.0550985e-05
       343.00000   9.4133957e-06
       344.00000   8.9168716e-06
       345.00000   8.5548209e-06
       346.00000   9.8958562e-06
       347.00000   7.3221536e-06
       348.00000   9.9452745e-06
       349.00000   9.3432427e-06
       350.00000   1.0271049e-05
       351.00000   9.2157852e-06
       352.00000   1.0396512e-05
       353.00000   8.7475210e-06
       354.00000   9.9736508e-06
       355.00000   9.0335352e-06
       356.00000   9.9585613e-06
       357.00000   1.1218650e-05
       358.00000   1.1632483e-05
       359.00000   1.1181930e-05
       360.00000   1.0096545e-05
       361.00000   1.2978699e-05
       362.00000   2.0514181e-05
       363.00000   3.6823651e-05
       364.00000   0.00015927889
       365.00000   0.00067362248
       366.00000    0.0033713633
       367.00000     0.022088448
       368.00000     0.067471988
       369.00000      0.13373214
       370.00000      0.19353135
       371.00000      0.23818430
       372.00000      0.27461171
       373.00000      0.31133428
       374.00000      0.34885952
       375.00000      0.38576981
       376.00000      0.41949567
       377.00000      0.44958428
       378.00000      0.47722551
       379.00000      0.50425309
       380.00000      0.53073287
       381.00000      0.55630875
       382.00000      0.58072519
       383.00000      0.60523093
       384.00000      0.63038671
       385.00000      0.65684098
       386.00000      0.68291628
       387.00000      0.70570058
       388.00000      0.72499210
       389.00000      0.74211198
       390.00000      0.75966847
       391.00000      0.77692461
       392.00000      0.79202229
       393.00000      0.80471623
       394.00000      0.81696463
       395.00000      0.83130312
       396.00000      0.84758919
       397.00000      0.86429811
       398.00000      0.87910068
       399.00000      0.89170218
       400.00000      0.90292543
       401.00000      0.91457111
       402.00000      0.92525172
       403.00000      0.93380785
       404.00000      0.93870807
       405.00000      0.94148821
       406.00000      0.94531554
       407.00000      0.95306528
       408.00000      0.96457613
       409.00000      0.97545177
       410.00000      0.98177403
       411.00000      0.98341537
       412.00000      0.98384446
       413.00000      0.98463309
       414.00000      0.98583257
       415.00000      0.98647088
       416.00000      0.98714256
       417.00000      0.98714149
       418.00000      0.98619616
       419.00000      0.98496175
       420.00000      0.98468208
       421.00000      0.98512614
       422.00000      0.98576343
       423.00000      0.98585749
       424.00000      0.98576504
       425.00000      0.98533231
       426.00000      0.98366952
       427.00000      0.98104435
       428.00000      0.97664076
       429.00000      0.97129405
       430.00000      0.96491033
       431.00000      0.95868403
       432.00000      0.95336801
       433.00000      0.94962960
       434.00000      0.94701910
       435.00000      0.94412708
       436.00000      0.94059962
       437.00000      0.93678457
       438.00000      0.93318731
       439.00000      0.93001014
       440.00000      0.92536360
       441.00000      0.91879547
       442.00000      0.91144443
       443.00000      0.90414327
       444.00000      0.89748591
       445.00000      0.89171273
       446.00000      0.88649172
       447.00000      0.88180357
       448.00000      0.87540591
       449.00000      0.86551261
       450.00000      0.85212076
       451.00000      0.83648562
       452.00000      0.82037389
       453.00000      0.80565327
       454.00000      0.79284179
       455.00000      0.78247571
       456.00000      0.77454090
       457.00000      0.76802337
       458.00000      0.76130819
       459.00000      0.75449961
       460.00000      0.74660361
       461.00000      0.73648518
       462.00000      0.72305387
       463.00000      0.70562881
       464.00000      0.68524820
       465.00000      0.66302711
       466.00000      0.64091641
       467.00000      0.61829734
       468.00000      0.59639120
       469.00000      0.57551527
       470.00000      0.55441314
       471.00000      0.53227907
       472.00000      0.50827569
       473.00000      0.48279935
       474.00000      0.45750707
       475.00000      0.43372560
       476.00000      0.41220802
       477.00000      0.39296487
       478.00000      0.37592149
       479.00000      0.36095130
       480.00000      0.34703863
       481.00000      0.33368099
       482.00000      0.32075030
       483.00000      0.30797184
       484.00000      0.29501384
       485.00000      0.28202325
       486.00000      0.26909390
       487.00000      0.25660908
       488.00000      0.24435206
       489.00000      0.23256300
       490.00000      0.22096084
       491.00000      0.20939898
       492.00000      0.19752318
       493.00000      0.18538113
       494.00000      0.17305425
       495.00000      0.16068123
       496.00000      0.14815159
       497.00000      0.13583957
       498.00000      0.12410304
       499.00000      0.11318661
       500.00000      0.10325222
       501.00000     0.094229892
       502.00000     0.085954987
       503.00000     0.078316122
       504.00000     0.071105830
       505.00000     0.064159609
       506.00000     0.057467423
       507.00000     0.051086564
       508.00000     0.045294769
       509.00000     0.040025171
       510.00000     0.035456207
       511.00000     0.031608395
       512.00000     0.028404094
       513.00000     0.025759026
       514.00000     0.023566231
       515.00000     0.021749388
       516.00000     0.020257208
       517.00000     0.018994574
       518.00000     0.017937064
       519.00000     0.017049490
       520.00000     0.016248500
       521.00000     0.015455481
       522.00000     0.014543720
       523.00000     0.013375323
       524.00000     0.011907477
       525.00000     0.010172204
       526.00000    0.0083727017
       527.00000    0.0067103179
       528.00000    0.0053212442
       529.00000    0.0042875507
       530.00000    0.0035585836
       531.00000    0.0031065822
       532.00000    0.0029165472
       533.00000    0.0029952368
       534.00000    0.0034412537
       535.00000    0.0043792897
       536.00000    0.0054228776
       537.00000    0.0056188647
       538.00000    0.0044375951
       539.00000    0.0026217010
       540.00000    0.0012390385
       541.00000   0.00056444237
       542.00000   0.00028808764
       543.00000   0.00016635166
       544.00000   0.00010423647
       545.00000   7.0241360e-05
       546.00000   5.0443090e-05
       547.00000   3.5644567e-05
       548.00000   3.0911793e-05
       549.00000   2.2069593e-05
       550.00000   1.9856145e-05
       551.00000   1.4620054e-05
       552.00000   1.4847905e-05
       553.00000   1.4812164e-05
       554.00000   1.1029476e-05
       555.00000   1.0122831e-05
       556.00000   1.0224860e-05
       557.00000   8.7065582e-06
       558.00000   7.8215598e-06
       559.00000   6.3048324e-06
       560.00000   6.2996151e-06
       561.00000   6.2163467e-06
       562.00000   6.5410445e-06
       563.00000   4.8771717e-06
       564.00000   7.0188012e-06
       565.00000   5.8867622e-06
       566.00000   4.3525320e-06
       567.00000   5.0091526e-06
       568.00000   6.1408978e-06
       569.00000   4.1769717e-06
       570.00000   6.0126386e-06
       571.00000   4.8574625e-06
       572.00000   3.8292287e-06
       573.00000   5.7845168e-06
       574.00000   4.2362517e-06
       575.00000   6.0086795e-06
       576.00000   3.8772550e-06
       577.00000   2.0388770e-06
       578.00000   4.1025446e-06
       579.00000   4.3822765e-06
       580.00000   4.4244348e-06
       581.00000   2.5047541e-06
       582.00000   4.5900515e-06
       583.00000   2.9662453e-06
       584.00000   3.5827768e-06
       585.00000   2.7120288e-06
       586.00000   6.8203476e-06
       587.00000   6.6178413e-06
       588.00000   4.6727118e-06
       589.00000   3.2520838e-06
       590.00000   3.1608265e-06
       591.00000   4.6885871e-06
       592.00000   4.8255311e-06
       593.00000   3.2063260e-06
       594.00000   5.5248929e-06
       595.00000   4.3013238e-06
       596.00000   5.1449815e-06
       597.00000   3.6326064e-06
       598.00000   2.7023152e-06
       599.00000   5.1645925e-06
       600.00000   3.4447071e-06
       601.00000   3.7288601e-06
       602.00000   1.7738743e-06
       603.00000   5.9872700e-06
       604.00000   5.0474118e-06
       605.00000   3.9424012e-06
       606.00000   5.3731846e-06
       607.00000   4.6728810e-06
       608.00000   5.4334059e-06
       609.00000   5.1193992e-06
       610.00000   4.2697466e-06
       611.00000   3.9663632e-06
       612.00000   4.0055097e-06
       613.00000   5.8116361e-06
       614.00000   5.2396890e-06
       615.00000   4.7853268e-06
       616.00000   6.2997260e-06
       617.00000   6.1675269e-06
       618.00000   4.9163928e-06
       619.00000   4.7929725e-06
       620.00000   3.9286688e-06
       621.00000   3.6763417e-06
       622.00000   4.6619862e-06
       623.00000   6.0070233e-06
       624.00000   2.3841556e-06
       625.00000   5.7190668e-06
       626.00000   6.1923274e-06
       627.00000   6.9540370e-06
       628.00000   7.4597542e-06
       629.00000   3.3462293e-06
       630.00000   5.4788743e-06
       631.00000   6.3054417e-06
       632.00000   5.0276772e-06
       633.00000   6.9786274e-06
       634.00000   5.8577739e-06
       635.00000   5.9588538e-06
       636.00000   5.4617985e-06
       637.00000   4.1560975e-06
       638.00000   5.0546046e-06
       639.00000   6.7558567e-06
       640.00000   4.3403297e-06
       641.00000   4.1885078e-06
       642.00000   3.4823049e-06
       643.00000   1.9688985e-06
       644.00000   4.6116515e-06
       645.00000   3.6092813e-06
       646.00000   3.9148040e-06
       647.00000   3.4487903e-06
       648.00000   3.9336328e-06
       649.00000   5.6634967e-06
       650.00000   4.3883192e-06
       651.00000   2.9435803e-06
       652.00000   3.3284357e-06
       653.00000   4.8639790e-06
       654.00000   5.5090045e-06
       655.00000   4.8653569e-06
       656.00000   4.1828598e-06
       657.00000   6.0716948e-06
       658.00000   4.5479374e-06
       659.00000   3.6675044e-06
       660.00000   6.1982591e-06
       661.00000   5.3019285e-06
       662.00000   2.3844329e-06
       663.00000   3.7565489e-06
       664.00000   2.9093128e-06
       665.00000   5.4033212e-06
       666.00000   4.8615443e-06
       667.00000   4.4279873e-06
       668.00000   4.3763625e-06
       669.00000   5.1509501e-06
       670.00000   3.0762785e-06
       671.00000   3.6771892e-06
       672.00000   5.5401888e-06
       673.00000   5.6673971e-06
       674.00000   7.6404449e-06
       675.00000   1.0622588e-05
       676.00000   1.0895536e-05
       677.00000   9.2655009e-06
       678.00000   8.6800901e-06
       679.00000   8.5475822e-06
       680.00000   6.0556831e-06
       681.00000   6.2234085e-06
       682.00000   6.3483440e-06
       683.00000   8.3671930e-06
       684.00000   6.7663905e-06
       685.00000   6.1522283e-06
       686.00000   1.2750100e-05
       687.00000   1.1267187e-05
       688.00000   1.4376884e-05
       689.00000   9.7096927e-06
       690.00000   7.6148931e-06
       691.00000   3.5760131e-06
       692.00000   3.9279962e-06
       693.00000   6.8149880e-06
       694.00000   3.2103419e-06
       695.00000   6.7984938e-06
       696.00000   4.0075993e-06
       697.00000   9.5801934e-06
       698.00000   2.2428834e-05
       699.00000   3.9248920e-05
       700.00000   4.3802174e-05
       701.00000   2.4393963e-05
       702.00000   8.2714396e-06
       703.00000   4.1797380e-06
       704.00000   3.6908004e-06
       705.00000   3.9449474e-06
       706.00000   5.1483044e-06
       707.00000   4.1660069e-06
       708.00000   4.3137434e-06
       709.00000   4.6696296e-06
       710.00000   1.9223905e-06
       711.00000   2.5307140e-06
       712.00000   2.8827656e-06
       713.00000   3.0742458e-06
       714.00000   2.7100314e-06
       715.00000   4.0892869e-06
       716.00000   5.5427258e-06
       717.00000   3.0016874e-06
       718.00000   2.9336557e-06
       719.00000   4.3100695e-06
       720.00000   4.6938922e-06
       721.00000   3.2426460e-06
       722.00000   3.0193848e-06
       723.00000   2.1914864e-06
       724.00000   5.9476697e-06
       725.00000   4.9943851e-06
       726.00000   4.1579642e-06
       727.00000   1.9678978e-06
       728.00000   5.9780346e-06
       729.00000   4.9116288e-06
       730.00000   4.1054377e-06
       731.00000   5.0258723e-06
       732.00000   4.2311708e-06
       733.00000   4.7499771e-06
       734.00000   2.6859336e-06
       735.00000   3.3904712e-06
       736.00000   2.7642081e-06
       737.00000   5.9365002e-06
       738.00000   7.9221372e-06
       739.00000   4.9228911e-06
       740.00000   4.7016911e-06
       741.00000   4.3506925e-06
       742.00000   4.6829432e-06
       743.00000   3.1284101e-06
       744.00000   4.1971030e-06
       745.00000   4.8302491e-06
       746.00000   5.3662338e-06
       747.00000   4.4795624e-06
       748.00000   4.8564921e-06
       749.00000   4.4639883e-06
       750.00000   2.9206747e-06
       751.00000   5.5521359e-06
       752.00000   4.5644656e-06
       753.00000   5.1275501e-06
       754.00000   4.2833071e-06
       755.00000   2.9970474e-06
       756.00000   1.2183526e-06
       757.00000   3.8338098e-06
       758.00000   3.3894814e-06
       759.00000   6.1346641e-06
       760.00000   3.8808412e-06
       761.00000   2.3546729e-06
       762.00000   4.3446680e-06
       763.00000   4.6769260e-06
       764.00000   3.4708078e-06
       765.00000   3.0277838e-06
       766.00000   4.1609233e-06
       767.00000   1.3937782e-05
       768.00000   3.3147484e-05
       769.00000   3.8727234e-05
       770.00000   2.5421570e-05
       771.00000   6.5676500e-06
       772.00000   2.9052715e-06
       773.00000   4.0082946e-06
       774.00000   3.4095658e-06
       775.00000   4.0957980e-06
       776.00000   3.3055535e-06
       777.00000   4.4169456e-06
       778.00000   3.3423592e-06
       779.00000   5.1011752e-06
       780.00000   2.9275486e-06
       781.00000   4.0269319e-06
       782.00000   2.6922401e-06
       783.00000   3.0153067e-06
       784.00000   2.7342826e-06
       785.00000   5.2533474e-06
       786.00000   5.7722027e-06
       787.00000   2.8094867e-06
       788.00000   3.1856191e-06
       789.00000   6.0545462e-06
       790.00000   3.5464800e-06
       791.00000   5.2725491e-06
       792.00000   3.2651249e-06
       793.00000   5.2468968e-06
       794.00000   4.9180881e-06
       795.00000   5.7810889e-06
       796.00000   3.5414919e-06
       797.00000   4.5669071e-06
       798.00000   2.0675902e-06
       799.00000   1.2556369e-06
       800.00000   1.0000000e-10
       801.00000   3.7026646e-05
       802.00000   3.6992107e-05
       803.00000   5.3459509e-05
       804.00000   2.4660027e-05
       805.00000   3.0858926e-05
       806.00000   1.3766514e-05
       807.00000   1.1585004e-05
       808.00000   9.0732965e-06
       809.00000   1.0000000e-10
       810.00000   8.9257554e-07
       811.00000   2.0625590e-05
       812.00000   1.9836731e-05
       813.00000   2.5567775e-05
       814.00000   5.2953084e-05
       815.00000   1.2158550e-05
       816.00000   2.0349766e-05
       817.00000   3.3921729e-05
       818.00000   3.7084497e-05
       819.00000   2.4645193e-05
       820.00000   6.3548991e-06
       821.00000   1.4113690e-05
       822.00000   8.8999495e-06
       823.00000   6.3360258e-06
       824.00000   1.0000000e-10
       825.00000   3.5073193e-05
       826.00000   3.4063443e-05
       827.00000   7.1953568e-06
       828.00000   2.6112570e-05
       829.00000   1.0000000e-10
       830.00000   2.9632147e-05
       831.00000   9.4344620e-07
       832.00000   3.7625796e-05
       833.00000   3.4494151e-05
       834.00000   3.6244033e-05
       835.00000   1.0000000e-10
       836.00000   1.0000000e-10
       837.00000   2.0223873e-05
       838.00000   1.0000000e-10
       839.00000   1.0000000e-10
       840.00000   2.7861714e-05
       841.00000   7.0434427e-05
       842.00000   3.8881513e-05
       843.00000   1.3811600e-05
       844.00000   5.7129542e-05
       845.00000   4.1843574e-05
       846.00000   2.1900360e-05
       847.00000   2.5316702e-05
       848.00000   3.1109379e-05
       849.00000   3.4969948e-05
       850.00000   9.7353131e-06
       851.00000   1.0000000e-10
       852.00000   4.3607020e-06
       853.00000   1.0863738e-06
       854.00000   1.0000000e-10
       855.00000   5.2822834e-05
       856.00000   1.0000000e-10
       857.00000   1.0000000e-10
       858.00000   3.7509315e-05
       859.00000   3.2782111e-05
       860.00000   2.3055796e-05
       861.00000   1.0000000e-10
       862.00000   1.3012459e-06
       863.00000   3.8196129e-05
       864.00000   4.1710413e-05
       865.00000   1.0000000e-10
       866.00000   2.6729067e-05
       867.00000   1.0000000e-10
       868.00000   1.4837069e-05
       869.00000   3.3395856e-05
       870.00000   2.0725861e-06
       871.00000   5.6185378e-05
       872.00000   3.6615576e-05
       873.00000   1.1311351e-05
       874.00000   6.4197766e-06
       875.00000   4.1131483e-05
       876.00000   3.4571232e-05
       877.00000   3.7914342e-05
       878.00000   2.1141101e-05
       879.00000   4.6726196e-05
       880.00000   1.4158109e-05
       881.00000   1.1316170e-05
       882.00000   8.9824225e-06
       883.00000   4.0991272e-05
       884.00000   4.2459371e-05
       885.00000   1.7648563e-05
       886.00000   2.7144210e-05
       887.00000   1.8914794e-05
       888.00000   2.7577848e-05
       889.00000   3.9599930e-05
       890.00000   1.0000000e-10
       891.00000   5.0487197e-05
       892.00000   9.0930926e-06
       893.00000   6.0290597e-05
       894.00000   2.1611591e-05
       895.00000   3.4748115e-05
       896.00000   2.4218018e-05
       897.00000   1.3260505e-05
       898.00000   1.8186412e-05
       899.00000   3.0534702e-05
       900.00000   4.0681811e-05
       901.00000   3.4862143e-05
       902.00000   8.3543591e-07
       903.00000   7.2967441e-06
       904.00000   8.6670534e-06
       905.00000   9.4537800e-06
       906.00000   1.0000000e-10
       907.00000   7.7046956e-05
       908.00000   3.8760418e-06
       909.00000   3.0763393e-05
       910.00000   8.4191952e-06
       911.00000   9.2238937e-05
       912.00000   8.7961480e-06
       913.00000   3.4573131e-05
       914.00000   4.5257311e-05
       915.00000   1.0000000e-10
       916.00000   2.4115703e-05
       917.00000   1.1502985e-05
       918.00000   3.8845199e-05
       919.00000   1.0000000e-10
       920.00000   1.0000000e-10
       921.00000   6.2972226e-06
       922.00000   2.9050134e-05
       923.00000   4.0231357e-06
       924.00000   4.8902552e-07
       925.00000   5.0007282e-05
       926.00000   1.0000000e-10
       927.00000   1.0000000e-10
       928.00000   5.9260543e-05
       929.00000   1.0000000e-10
       930.00000   1.7375538e-05
       931.00000   1.7263306e-05
       932.00000   6.4727601e-06
       933.00000   3.0235051e-05
       934.00000   4.3439908e-05
       935.00000   4.7235471e-06
       936.00000   1.6280421e-05
       937.00000   4.7326528e-05
       938.00000   1.3939618e-05
       939.00000   1.0000000e-10
       940.00000   1.0000000e-10
       941.00000   2.8808763e-05
       942.00000   4.7250513e-05
       943.00000   2.4711850e-05
       944.00000   1.2466899e-06
       945.00000   5.1284002e-05
       946.00000   6.6304824e-07
       947.00000   1.8416893e-07
       948.00000   1.4742737e-05
       949.00000   2.1876062e-05
       950.00000   2.3829491e-05
       951.00000   2.6756376e-05
       952.00000   2.8713777e-05
       953.00000   1.0735122e-05
       954.00000   1.0000000e-10
       955.00000   2.7200535e-06
       956.00000   6.0561550e-05
       957.00000   7.5241210e-06
       958.00000   2.8522889e-05
       959.00000   1.5660138e-05
       960.00000   5.4622364e-05
       961.00000   1.2837613e-05
       962.00000   1.0000000e-10
       963.00000   6.4109295e-06
       964.00000   1.0000000e-10
       965.00000   4.8788483e-05
       966.00000   2.9258745e-05
       967.00000   3.1601467e-05
       968.00000   3.9054962e-06
       969.00000   5.9814879e-06
       970.00000   2.4662490e-05
       971.00000   2.4866472e-06
       972.00000   1.3891628e-05
       973.00000   1.2006338e-05
       974.00000   7.4530662e-06
       975.00000   1.7948545e-05
       976.00000   1.0034612e-05
       977.00000   2.9145305e-05
       978.00000   3.4257053e-05
       979.00000   2.6561056e-05
       980.00000   2.0985160e-06
       981.00000   3.2736756e-05
       982.00000   1.0000000e-10
       983.00000   1.0000000e-10
       984.00000   4.8089019e-05
       985.00000   6.8074651e-06
       986.00000   1.0000000e-10
       987.00000   7.0699953e-06
       988.00000   1.0000000e-10
       989.00000   4.5227014e-05
       990.00000   2.1061935e-05
       991.00000   1.0000000e-10
       992.00000   2.3133996e-05
       993.00000   4.7404797e-06
       994.00000   2.9481604e-05
       995.00000   4.9157825e-05
       996.00000   1.0000000e-10
       997.00000   1.3952342e-05
       998.00000   1.3425859e-05
       999.00000   3.5243156e-05
       1000.0000   3.6819365e-05
       1001.0000   4.5795005e-06
       1002.0000   5.1455468e-06
       1003.0000   3.2171905e-05
       1004.0000   1.0000000e-10
       1005.0000   5.2916756e-05
       1006.0000   1.0000000e-10
       1007.0000   2.1982412e-05
       1008.0000   1.0917451e-05
       1009.0000   6.1556000e-07
       1010.0000   5.8294027e-05
       1011.0000   1.0000000e-10
       1012.0000   3.0021292e-05
       1013.0000   2.2904736e-05
       1014.0000   3.4471625e-05
       1015.0000   3.6243198e-06
       1016.0000   5.9612288e-05
       1017.0000   1.7981902e-05
       1018.0000   1.4820851e-05
       1019.0000   2.5554245e-05
       1020.0000   5.2064337e-05
       1021.0000   1.6617832e-05
       1022.0000   4.9813127e-05
       1023.0000   2.8887411e-05
       1024.0000   5.7765072e-07
       1025.0000   3.5666415e-06
       1026.0000   5.0583465e-05
       1027.0000   5.6271063e-05
       1028.0000   1.3917031e-05
       1029.0000   2.2793423e-05
       1030.0000   1.0000000e-10
       1031.0000   1.0000000e-10
       1032.0000   2.6055293e-05
       1033.0000   3.5435805e-05
       1034.0000   2.8528089e-05
       1035.0000   2.9023287e-05
       1036.0000   5.6349647e-05
       1037.0000   7.9265570e-05
       1038.0000   3.3626370e-06
       1039.0000   2.2714325e-06
       1040.0000   2.1069705e-05
       1041.0000   1.0000000e-10
       1042.0000   5.5494853e-05
       1043.0000   5.4841767e-05
       1044.0000   2.2970844e-05
       1045.0000   1.2558216e-05
       1046.0000   8.0528851e-05
       1047.0000   5.9395643e-05
       1048.0000   8.8212466e-05
       1049.0000   6.0652848e-05
       1050.0000   8.5121530e-05
       1051.0000   9.5729592e-05
       1052.0000   6.4743595e-05
       1053.0000   4.9810395e-05
       1054.0000   3.1529100e-05
       1055.0000   8.1724735e-05
       1056.0000   7.8287943e-05
       1057.0000   5.2558971e-05
       1058.0000   3.7020058e-05
       1059.0000   7.0186470e-05
       1060.0000   3.0229476e-05
       1061.0000   4.1881445e-05
       1062.0000   8.4374711e-05
       1063.0000   9.2400929e-05
       1064.0000   0.00013097610
       1065.0000   0.00019995793
       1066.0000   0.00028502088
       1067.0000   0.00037521590
       1068.0000   0.00041202377
       1069.0000   0.00043318502
       1070.0000   0.00034485801
       1071.0000   0.00032291663
       1072.0000   0.00028392690
       1073.0000   0.00021415362
       1074.0000   0.00024404076
       1075.0000   0.00021639634
       1076.0000   0.00021025509
       1077.0000   0.00023952199
       1078.0000   0.00027323738
       1079.0000   0.00032262178
       1080.0000   0.00039472285
       1081.0000   0.00047451531
       1082.0000   0.00061833218
       1083.0000   0.00076652109
       1084.0000   0.00091851375
       1085.0000    0.0010148325
       1086.0000    0.0010662434
       1087.0000   0.00096576806
       1088.0000   0.00088024623
       1089.0000   0.00078215002
       1090.0000   0.00071624370
       1091.0000   0.00062837231
       1092.0000   0.00059586047
       1093.0000   0.00054213416
       1094.0000   0.00055039534
       1095.0000   0.00050292618
       1096.0000   0.00047217973
       1097.0000   0.00048059781
       1098.0000   0.00043147456
       1099.0000   0.00042156456
       1100.0000   0.00039696135
       1101.0000   0.00036688938
       1102.0000   0.00034825609
       1103.0000   0.00028061096
       1104.0000   0.00026623262
       1105.0000   0.00025147264
       1106.0000   0.00024152441
       1107.0000   0.00025111492
       1108.0000   0.00023132777
       1109.0000   0.00021913732
       1110.0000   0.00021358526
       1111.0000   0.00020756068
       1112.0000   0.00024386239
       1113.0000   0.00026283803
       1114.0000   0.00019924852
       1115.0000   0.00028565197
       1116.0000   0.00031977493
       1117.0000   0.00032423736
       1118.0000   0.00036696551
       1119.0000   0.00036581399
       1120.0000   0.00045451298
       1121.0000   0.00051133911
       1122.0000   0.00065137359
       1123.0000   0.00085694302
       1124.0000    0.0010263986
       1125.0000    0.0014130839
       1126.0000    0.0018170484
       1127.0000    0.0025076433
       1128.0000    0.0035927529
       1129.0000    0.0054115527
       1130.0000    0.0082620634
       1131.0000     0.013562908
       1132.0000     0.023843918
       1133.0000     0.045961019
       1134.0000      0.10278925
       1135.0000      0.23785809
       1136.0000      0.46217886
       1137.0000      0.67663711
       1138.0000      0.71547085
       1139.0000      0.59415191
       1140.0000      0.45681471
       1141.0000      0.38189527
       1142.0000      0.36033052
       1143.0000      0.36843771
       1144.0000      0.39787805
       1145.0000      0.43992445
       1146.0000      0.48542765
       1147.0000      0.52141678
       1148.0000      0.53619885
       1149.0000      0.52840239
       1150.0000      0.50437206
       1151.0000      0.47446388
       1152.0000      0.44816384
       1153.0000      0.42895159
       1154.0000      0.42086264
       1155.0000      0.42376295
       1156.0000      0.43703815
       1157.0000      0.46029437
       1158.0000      0.48979217
       1159.0000      0.52372181
       1160.0000      0.55537844
       1161.0000      0.57616663
       1162.0000      0.58238518
       1163.0000      0.57214749
       1164.0000      0.54825485
       1165.0000      0.51698172
       1166.0000      0.48403230
       1167.0000      0.45493460
       1168.0000      0.43389767
       1169.0000      0.42078739
       1170.0000      0.41692472
       1171.0000      0.42285642
       1172.0000      0.43961954
       1173.0000      0.46852544
       1174.0000      0.50811338
       1175.0000      0.55976421
       1176.0000      0.62211376
       1177.0000      0.68786716
       1178.0000      0.74905610
       1179.0000      0.79082102
       1180.0000      0.79960561
       1181.0000      0.77426654
       1182.0000      0.72093230
       1183.0000      0.65144390
       1184.0000      0.58103389
       1185.0000      0.51612681
       1186.0000      0.46089768
       1187.0000      0.41972592
       1188.0000      0.38814294
       1189.0000      0.36588472
       1190.0000      0.35260496
       1191.0000      0.34640524
       1192.0000      0.34743541
       1193.0000      0.35518381
       1194.0000      0.36950117
       1195.0000      0.39111048
       1196.0000      0.41992307
       1197.0000      0.45602489
       1198.0000      0.50135100
       1199.0000      0.55259573
       1200.0000      0.60910636
       1201.0000      0.66881526
       1202.0000      0.72828913
       1203.0000      0.77969873
       1204.0000      0.82301480
       1205.0000      0.85335618
       1206.0000      0.86891651
       1207.0000      0.87388331
       1208.0000      0.87068349
       1209.0000      0.86280829
       1210.0000      0.85362935
       1211.0000      0.84508198
       1212.0000      0.83883280
       1213.0000      0.83487201
       1214.0000      0.83241296
       1215.0000      0.83038771
       1216.0000      0.82711965
       1217.0000      0.82061619
       1218.0000      0.80920750
       1219.0000      0.79294628
       1220.0000      0.77052975
       1221.0000      0.74289244
       1222.0000      0.71231759
       1223.0000      0.67885059
       1224.0000      0.64530623
       1225.0000      0.61546439
       1226.0000      0.58838183
       1227.0000      0.56506819
       1228.0000      0.54644001
       1229.0000      0.53305501
       1230.0000      0.52467138
       1231.0000      0.52183706
       1232.0000      0.52448505
       1233.0000      0.53261214
       1234.0000      0.54629558
       1235.0000      0.56472141
       1236.0000      0.58933610
       1237.0000      0.61887169
       1238.0000      0.65096092
       1239.0000      0.68574351
       1240.0000      0.72182500
       1241.0000      0.75597864
       1242.0000      0.78645909
       1243.0000      0.81111437
       1244.0000      0.82682627
       1245.0000      0.83359873
       1246.0000      0.83195579
       1247.0000      0.82318115
       1248.0000      0.80970258
       1249.0000      0.79330426
       1250.0000      0.77644485
       1251.0000      0.76230401
       1252.0000      0.75077283
       1253.0000      0.74353904
       1254.0000      0.74132740
       1255.0000      0.74445498
       1256.0000      0.75315142
       1257.0000      0.76723522
       1258.0000      0.78587335
       1259.0000      0.80913454
       1260.0000      0.83539259
       1261.0000      0.86294430
       1262.0000      0.89086777
       1263.0000      0.91607970
       1264.0000      0.93526250
       1265.0000      0.94786829
       1266.0000      0.95207036
       1267.0000      0.94734067
       1268.0000      0.93411523
       1269.0000      0.91342884
       1270.0000      0.88923037
       1271.0000      0.86233753
       1272.0000      0.83480823
       1273.0000      0.80940533
       1274.0000      0.78660285
       1275.0000      0.76740569
       1276.0000      0.75296146
       1277.0000      0.74402326
       1278.0000      0.73981792
       1279.0000      0.74056578
       1280.0000      0.74604708
       1281.0000      0.75628006
       1282.0000      0.77073985
       1283.0000      0.78767991
       1284.0000      0.80686778
       1285.0000      0.82699692
       1286.0000      0.84599602
       1287.0000      0.86318058
       1288.0000      0.87622458
       1289.0000      0.88310063
       1290.0000      0.88347405
       1291.0000      0.87722903
       1292.0000      0.86442846
       1293.0000      0.84671563
       1294.0000      0.82474256
       1295.0000      0.80023587
       1296.0000      0.77670723
       1297.0000      0.75328040
       1298.0000      0.73206198
       1299.0000      0.71449339
       1300.0000      0.70011669
       1301.0000      0.68993551
       1302.0000      0.68446034
       1303.0000      0.68355769
       1304.0000      0.68713826
       1305.0000      0.69515836
       1306.0000      0.70741564
       1307.0000      0.72463566
       1308.0000      0.74513590
       1309.0000      0.76771480
       1310.0000      0.79232419
       1311.0000      0.81825870
       1312.0000      0.84223837
       1313.0000      0.86441082
       1314.0000      0.88210255
       1315.0000      0.89247233
       1316.0000      0.89602149
       1317.0000      0.89183122
       1318.0000      0.88059753
       1319.0000      0.86275810
       1320.0000      0.84003431
       1321.0000      0.81466258
       1322.0000      0.78883213
       1323.0000      0.76287407
       1324.0000      0.73857844
       1325.0000      0.71758723
       1326.0000      0.69900823
       1327.0000      0.68476546
       1328.0000      0.67511606
       1329.0000      0.66950536
       1330.0000      0.66851377
       1331.0000      0.67170346
       1332.0000      0.67970198
       1333.0000      0.69227141
       1334.0000      0.70859814
       1335.0000      0.72915876
       1336.0000      0.75329721
       1337.0000      0.78021389
       1338.0000      0.80921084
       1339.0000      0.83895642
       1340.0000      0.86822999
       1341.0000      0.89318234
       1342.0000      0.91393560
       1343.0000      0.92822069
       1344.0000      0.93444675
       1345.0000      0.93225574
       1346.0000      0.92158931
       1347.0000      0.90394747
       1348.0000      0.87988490
       1349.0000      0.85237622
       1350.0000      0.82363063
       1351.0000      0.79343361
       1352.0000      0.76342499
       1353.0000      0.73681539
       1354.0000      0.71344560
       1355.0000      0.69220424
       1356.0000      0.67484683
       1357.0000      0.66244787
       1358.0000      0.65357602
       1359.0000      0.64845854
       1360.0000      0.64712024
       1361.0000      0.64930618
       1362.0000      0.65610480
       1363.0000      0.66524833
       1364.0000      0.67800742
       1365.0000      0.69497186
       1366.0000      0.71326953
       1367.0000      0.73241192
       1368.0000      0.75498307
       1369.0000      0.77762568
       1370.0000      0.79828197
       1371.0000      0.81924707
       1372.0000      0.83748132
       1373.0000      0.85037643
       1374.0000      0.85907757
       1375.0000      0.86314183
       1376.0000      0.86224347
       1377.0000      0.85667175
       1378.0000      0.84645802
       1379.0000      0.83454269
       1380.0000      0.81905067
       1381.0000      0.80312431
       1382.0000      0.78571689
       1383.0000      0.76939774
       1384.0000      0.75396353
       1385.0000      0.74200314
       1386.0000      0.73261589
       1387.0000      0.72562915
       1388.0000      0.72117275
       1389.0000      0.71981138
       1390.0000      0.72162026
       1391.0000      0.72642654
       1392.0000      0.73463660
       1393.0000      0.74592227
       1394.0000      0.75926465
       1395.0000      0.77483356
       1396.0000      0.79504102
       1397.0000      0.81596279
       1398.0000      0.83454746
       1399.0000      0.85301191
       1400.0000      0.87368894
       1401.0000      0.89333200
       1402.0000      0.90825778
       1403.0000      0.91862231
       1404.0000      0.92592424
       1405.0000      0.92887604
       1406.0000      0.92702401
       1407.0000      0.92078143
       1408.0000      0.91117144
       1409.0000      0.89766014
       1410.0000      0.88181055
       1411.0000      0.86583233
       1412.0000      0.84975326
       1413.0000      0.83356750
       1414.0000      0.81781226
       1415.0000      0.80364156
       1416.0000      0.79191810
       1417.0000      0.78267819
       1418.0000      0.77602482
       1419.0000      0.77176970
       1420.0000      0.77030349
       1421.0000      0.77172351
       1422.0000      0.77570409
       1423.0000      0.78262317
       1424.0000      0.79157150
       1425.0000      0.80287069
       1426.0000      0.81584179
       1427.0000      0.83017224
       1428.0000      0.84570372
       1429.0000      0.86170882
       1430.0000      0.87685412
       1431.0000      0.89032102
       1432.0000      0.90246773
       1433.0000      0.91164249
       1434.0000      0.91740268
       1435.0000      0.91963100
       1436.0000      0.91770971
       1437.0000      0.91193277
       1438.0000      0.90246499
       1439.0000      0.88959241
       1440.0000      0.87459821
       1441.0000      0.85719508
       1442.0000      0.83812118
       1443.0000      0.81935185
       1444.0000      0.80115867
       1445.0000      0.78291112
       1446.0000      0.76567805
       1447.0000      0.75066042
       1448.0000      0.73738748
       1449.0000      0.72603482
       1450.0000      0.71713245
       1451.0000      0.71016294
       1452.0000      0.70574886
       1453.0000      0.70364779
       1454.0000      0.70369709
       1455.0000      0.70612842
       1456.0000      0.71053070
       1457.0000      0.71699202
       1458.0000      0.72508448
       1459.0000      0.73473620
       1460.0000      0.74572539
       1461.0000      0.75804716
       1462.0000      0.77076393
       1463.0000      0.78328449
       1464.0000      0.79563856
       1465.0000      0.80752307
       1466.0000      0.81781346
       1467.0000      0.82669985
       1468.0000      0.83346248
       1469.0000      0.83742017
       1470.0000      0.83890390
       1471.0000      0.83795315
       1472.0000      0.83439535
       1473.0000      0.82838285
       1474.0000      0.82036632
       1475.0000      0.81094342
       1476.0000      0.80050927
       1477.0000      0.78921849
       1478.0000      0.77776158
       1479.0000      0.76669979
       1480.0000      0.75578052
       1481.0000      0.74569857
       1482.0000      0.73744112
       1483.0000      0.73025084
       1484.0000      0.72461450
       1485.0000      0.72074163
       1486.0000      0.71854842
       1487.0000      0.71827537
       1488.0000      0.71993923
       1489.0000      0.72333586
       1490.0000      0.72862071
       1491.0000      0.73562330
       1492.0000      0.74433953
       1493.0000      0.75459331
       1494.0000      0.76646411
       1495.0000      0.77868879
       1496.0000      0.79223782
       1497.0000      0.80637008
       1498.0000      0.82026321
       1499.0000      0.83438826
       1500.0000      0.84803927
       1501.0000      0.86022270
       1502.0000      0.87090260
       1503.0000      0.88008136
       1504.0000      0.88706946
       1505.0000      0.89174187
       1506.0000      0.89413947
       1507.0000      0.89400584
       1508.0000      0.89179790
       1509.0000      0.88745630
       1510.0000      0.88129342
       1511.0000      0.87395346
       1512.0000      0.86521703
       1513.0000      0.85589170
       1514.0000      0.84686625
       1515.0000      0.83758861
       1516.0000      0.82882857
       1517.0000      0.82102001
       1518.0000      0.81395167
       1519.0000      0.80813944
       1520.0000      0.80387795
       1521.0000      0.80112797
       1522.0000      0.79989374
       1523.0000      0.80033398
       1524.0000      0.80249220
       1525.0000      0.80627209
       1526.0000      0.81172687
       1527.0000      0.81862563
       1528.0000      0.82692760
       1529.0000      0.83668953
       1530.0000      0.84743774
       1531.0000      0.85916007
       1532.0000      0.87179655
       1533.0000      0.88435942
       1534.0000      0.89690971
       1535.0000      0.90930140
       1536.0000      0.92080760
       1537.0000      0.93128049
       1538.0000      0.94033086
       1539.0000      0.94744200
       1540.0000      0.95209759
       1541.0000      0.95470393
       1542.0000      0.95471501
       1543.0000      0.95242125
       1544.0000      0.94756305
       1545.0000      0.94056386
       1546.0000      0.93179017
       1547.0000      0.92169094
       1548.0000      0.91006929
       1549.0000      0.89782768
       1550.0000      0.88484615
       1551.0000      0.87149626
       1552.0000      0.85863113
       1553.0000      0.84647357
       1554.0000      0.83496422
       1555.0000      0.82426888
       1556.0000      0.81498462
       1557.0000      0.80658185
       1558.0000      0.79935539
       1559.0000      0.79399657
       1560.0000      0.78988290
       1561.0000      0.78722453
       1562.0000      0.78597599
       1563.0000      0.78601277
       1564.0000      0.78759146
       1565.0000      0.79023749
       1566.0000      0.79386050
       1567.0000      0.79863816
       1568.0000      0.80419737
       1569.0000      0.81017816
       1570.0000      0.81691831
       1571.0000      0.82367301
       1572.0000      0.83019626
       1573.0000      0.83652937
       1574.0000      0.84240150
       1575.0000      0.84729135
       1576.0000      0.85128796
       1577.0000      0.85404938
       1578.0000      0.85546607
       1579.0000      0.85525805
       1580.0000      0.85360110
       1581.0000      0.85046077
       1582.0000      0.84587592
       1583.0000      0.83983189
       1584.0000      0.83249259
       1585.0000      0.82461733
       1586.0000      0.81574792
       1587.0000      0.80618763
       1588.0000      0.79677361
       1589.0000      0.78681487
       1590.0000      0.77705884
       1591.0000      0.76803094
       1592.0000      0.75967115
       1593.0000      0.75170559
       1594.0000      0.74477559
       1595.0000      0.73878503
       1596.0000      0.73390299
       1597.0000      0.73040271
       1598.0000      0.72790956
       1599.0000      0.72671282
       1600.0000      0.72687906
