       275.00000   1.4381179e-05
       276.00000   1.4059618e-05
       277.00000   1.3979269e-05
       278.00000   1.5716258e-05
       279.00000   1.3815316e-05
       280.00000   1.4651821e-05
       281.00000   1.5742231e-05
       282.00000   1.4203279e-05
       283.00000   1.5178993e-05
       284.00000   1.3072216e-05
       285.00000   1.4724830e-05
       286.00000   1.2955878e-05
       287.00000   1.3550109e-05
       288.00000   1.2106385e-05
       289.00000   1.3799822e-05
       290.00000   1.6561422e-05
       291.00000   1.4593109e-05
       292.00000   1.5404219e-05
       293.00000   1.6058490e-05
       294.00000   2.2668659e-05
       295.00000   2.0488023e-05
       296.00000   3.3793774e-05
       297.00000   5.2388030e-05
       298.00000   5.6354475e-05
       299.00000   4.2949621e-05
       300.00000   2.8589329e-05
       301.00000   2.0245314e-05
       302.00000   2.6948574e-05
       303.00000   8.4707579e-05
       304.00000   0.00017717185
       305.00000   0.00022368362
       306.00000   0.00015786134
       307.00000   6.9055401e-05
       308.00000   1.9444804e-05
       309.00000   1.5440914e-05
       310.00000   1.5206950e-05
       311.00000   1.6134643e-05
       312.00000   2.4206242e-05
       313.00000   2.8554003e-05
       314.00000   3.1167569e-05
       315.00000   2.7314531e-05
       316.00000   2.3724882e-05
       317.00000   2.1706857e-05
       318.00000   2.0782625e-05
       319.00000   2.5423553e-05
       320.00000   2.4071524e-05
       321.00000   3.6214638e-05
       322.00000   4.9958497e-05
       323.00000   7.3092291e-05
       324.00000   0.00017583565
       325.00000   0.00032669914
       326.00000   0.00043259090
       327.00000   0.00043772493
       328.00000   0.00025922578
       329.00000   0.00013655625
       330.00000   2.7651704e-05
       331.00000   1.7524673e-05
       332.00000   1.4301220e-05
       333.00000   1.3600800e-05
       334.00000   1.3424812e-05
       335.00000   1.2561554e-05
       336.00000   1.5433981e-05
       337.00000   4.0061695e-05
       338.00000   6.6511609e-05
       339.00000   6.5200933e-05
       340.00000   4.2786207e-05
       341.00000   2.2784116e-05
       342.00000   3.0708892e-05
       343.00000   3.6012338e-05
       344.00000   2.6568116e-05
       345.00000   1.9645668e-05
       346.00000   1.5135888e-05
       347.00000   1.4180621e-05
       348.00000   1.2791324e-05
       349.00000   1.4848510e-05
       350.00000   2.3149674e-05
       351.00000   3.3325789e-05
       352.00000   3.4759942e-05
       353.00000   2.4175935e-05
       354.00000   1.5481164e-05
       355.00000   1.2152798e-05
       356.00000   1.3279197e-05
       357.00000   1.7413297e-05
       358.00000   1.6027294e-05
       359.00000   1.1547377e-05
       360.00000   1.3035482e-05
       361.00000   1.1241967e-05
       362.00000   1.3481755e-05
       363.00000   1.5883505e-05
       364.00000   1.5419399e-05
       365.00000   1.3887845e-05
       366.00000   1.0123897e-05
       367.00000   1.2862826e-05
       368.00000   2.8526083e-05
       369.00000   5.5014309e-05
       370.00000   8.1473248e-05
       371.00000   5.7115867e-05
       372.00000   2.6800624e-05
       373.00000   1.0641370e-05
       374.00000   1.0890035e-05
       375.00000   1.0999714e-05
       376.00000   1.0495030e-05
       377.00000   8.7069211e-06
       378.00000   1.3771443e-05
       379.00000   1.1721909e-05
       380.00000   1.6178139e-05
       381.00000   1.2102226e-05
       382.00000   1.0988523e-05
       383.00000   1.0423166e-05
       384.00000   1.1426502e-05
       385.00000   1.0200641e-05
       386.00000   1.0337210e-05
       387.00000   1.0525726e-05
       388.00000   1.1358606e-05
       389.00000   9.9298359e-06
       390.00000   1.1234143e-05
       391.00000   1.0628222e-05
       392.00000   9.3662293e-06
       393.00000   9.7050679e-06
       394.00000   1.0848803e-05
       395.00000   8.9691375e-06
       396.00000   1.0880677e-05
       397.00000   9.8693799e-06
       398.00000   1.0128656e-05
       399.00000   9.1790980e-06
       400.00000   9.0151752e-06
       401.00000   1.1889506e-05
       402.00000   1.0114276e-05
       403.00000   8.7512481e-06
       404.00000   8.9829646e-06
       405.00000   9.7023612e-06
       406.00000   8.1537228e-06
       407.00000   6.7676169e-06
       408.00000   1.0889209e-05
       409.00000   7.3007914e-06
       410.00000   6.8324075e-06
       411.00000   7.7177765e-06
       412.00000   1.0601661e-05
       413.00000   1.0767159e-05
       414.00000   6.5407503e-06
       415.00000   1.0968393e-05
       416.00000   8.5978918e-06
       417.00000   1.0431238e-05
       418.00000   8.8010847e-06
       419.00000   8.2953493e-06
       420.00000   8.0699319e-06
       421.00000   6.7079022e-06
       422.00000   1.0871112e-05
       423.00000   8.5850161e-06
       424.00000   9.0339227e-06
       425.00000   8.5680558e-06
       426.00000   7.0449046e-06
       427.00000   8.7942171e-06
       428.00000   1.0151201e-05
       429.00000   7.3472147e-06
       430.00000   9.2040555e-06
       431.00000   6.9539224e-06
       432.00000   9.5586438e-06
       433.00000   8.5973634e-06
       434.00000   8.3435889e-06
       435.00000   8.5815482e-06
       436.00000   7.4287773e-06
       437.00000   8.4703106e-06
       438.00000   9.4224952e-06
       439.00000   8.5190431e-06
       440.00000   6.2413978e-06
       441.00000   5.4409875e-06
       442.00000   8.9793166e-06
       443.00000   1.0348987e-05
       444.00000   9.9085000e-06
       445.00000   7.5045182e-06
       446.00000   6.5437312e-06
       447.00000   5.5354885e-06
       448.00000   1.0499836e-05
       449.00000   8.7619301e-06
       450.00000   7.3785654e-06
       451.00000   7.2604867e-06
       452.00000   7.8198082e-06
       453.00000   1.0020916e-05
       454.00000   1.0325050e-05
       455.00000   9.7663924e-06
       456.00000   6.7581786e-06
       457.00000   8.9717869e-06
       458.00000   9.3331946e-06
       459.00000   9.4652778e-06
       460.00000   9.4468078e-06
       461.00000   7.8711737e-06
       462.00000   9.9981235e-06
       463.00000   1.1479908e-05
       464.00000   1.3068930e-05
       465.00000   2.1410062e-05
       466.00000   4.5392222e-05
       467.00000   0.00012884063
       468.00000   0.00032116956
       469.00000   0.00061594811
       470.00000   0.00093897211
       471.00000    0.0012987274
       472.00000    0.0019706620
       473.00000    0.0036043825
       474.00000    0.0069032009
       475.00000     0.011785987
       476.00000     0.016829234
       477.00000     0.020756086
       478.00000     0.024358241
       479.00000     0.029989492
       480.00000     0.040114723
       481.00000     0.056111954
       482.00000     0.078183107
       483.00000      0.10608354
       484.00000      0.13898189
       485.00000      0.17581464
       486.00000      0.21569484
       487.00000      0.25593281
       488.00000      0.29537353
       489.00000      0.33215028
       490.00000      0.36600867
       491.00000      0.39695853
       492.00000      0.42566174
       493.00000      0.45345023
       494.00000      0.48217613
       495.00000      0.51254427
       496.00000      0.54539263
       497.00000      0.57914335
       498.00000      0.61142612
       499.00000      0.64127290
       500.00000      0.66864818
       501.00000      0.69447786
       502.00000      0.71887732
       503.00000      0.74099696
       504.00000      0.76045132
       505.00000      0.77705961
       506.00000      0.79136890
       507.00000      0.80560929
       508.00000      0.82083195
       509.00000      0.83789414
       510.00000      0.85533339
       511.00000      0.87165660
       512.00000      0.88592941
       513.00000      0.89802438
       514.00000      0.90923387
       515.00000      0.92000282
       516.00000      0.93123966
       517.00000      0.94238299
       518.00000      0.95209551
       519.00000      0.95967245
       520.00000      0.96501189
       521.00000      0.96892804
       522.00000      0.97221631
       523.00000      0.97514772
       524.00000      0.97804207
       525.00000      0.97981524
       526.00000      0.97991806
       527.00000      0.97872466
       528.00000      0.97658521
       529.00000      0.97466123
       530.00000      0.97335792
       531.00000      0.97317231
       532.00000      0.97347552
       533.00000      0.97371024
       534.00000      0.97324532
       535.00000      0.97136408
       536.00000      0.96830052
       537.00000      0.96498382
       538.00000      0.96110111
       539.00000      0.95653081
       540.00000      0.95123947
       541.00000      0.94430393
       542.00000      0.93589705
       543.00000      0.92626965
       544.00000      0.91650271
       545.00000      0.90716499
       546.00000      0.89961803
       547.00000      0.89374328
       548.00000      0.88971436
       549.00000      0.88702697
       550.00000      0.88501036
       551.00000      0.88266110
       552.00000      0.87969011
       553.00000      0.87605304
       554.00000      0.87164259
       555.00000      0.86653173
       556.00000      0.86028069
       557.00000      0.85273248
       558.00000      0.84372383
       559.00000      0.83279318
       560.00000      0.81980759
       561.00000      0.80522639
       562.00000      0.78909332
       563.00000      0.77242362
       564.00000      0.75522721
       565.00000      0.73848468
       566.00000      0.72273540
       567.00000      0.70798343
       568.00000      0.69469798
       569.00000      0.68287951
       570.00000      0.67295122
       571.00000      0.66492105
       572.00000      0.65848970
       573.00000      0.65334141
       574.00000      0.64890176
       575.00000      0.64488888
       576.00000      0.64075452
       577.00000      0.63601655
       578.00000      0.63024497
       579.00000      0.62290227
       580.00000      0.61451358
       581.00000      0.60483474
       582.00000      0.59421968
       583.00000      0.58252406
       584.00000      0.57023937
       585.00000      0.55744201
       586.00000      0.54407406
       587.00000      0.53017837
       588.00000      0.51575893
       589.00000      0.50080448
       590.00000      0.48496363
       591.00000      0.46814653
       592.00000      0.45075992
       593.00000      0.43250033
       594.00000      0.41367358
       595.00000      0.39508423
       596.00000      0.37679330
       597.00000      0.35979715
       598.00000      0.34425467
       599.00000      0.33057949
       600.00000      0.31905186
       601.00000      0.30968732
       602.00000      0.30236450
       603.00000      0.29678819
       604.00000      0.29253170
       605.00000      0.28933275
       606.00000      0.28663558
       607.00000      0.28393626
       608.00000      0.28077826
       609.00000      0.27674967
       610.00000      0.27166018
       611.00000      0.26522011
       612.00000      0.25749034
       613.00000      0.24845941
       614.00000      0.23822713
       615.00000      0.22699958
       616.00000      0.21494232
       617.00000      0.20225030
       618.00000      0.18956304
       619.00000      0.17706439
       620.00000      0.16505039
       621.00000      0.15393794
       622.00000      0.14363532
       623.00000      0.13443495
       624.00000      0.12612060
       625.00000      0.11868612
       626.00000      0.11192408
       627.00000      0.10577910
       628.00000      0.10002597
       629.00000     0.094547011
       630.00000     0.089259759
       631.00000     0.084205680
       632.00000     0.079327598
       633.00000     0.074617736
       634.00000     0.070254430
       635.00000     0.066169463
       636.00000     0.062513240
       637.00000     0.059179321
       638.00000     0.056213774
       639.00000     0.053559221
       640.00000     0.051123708
       641.00000     0.048818342
       642.00000     0.046495937
       643.00000     0.044000782
       644.00000     0.041217059
       645.00000     0.037977576
       646.00000     0.034224767
       647.00000     0.030069755
       648.00000     0.025619263
       649.00000     0.021244006
       650.00000     0.017111940
       651.00000     0.013483746
       652.00000     0.010444021
       653.00000    0.0080220737
       654.00000    0.0061219702
       655.00000    0.0046654888
       656.00000    0.0035579349
       657.00000    0.0027313796
       658.00000    0.0020985138
       659.00000    0.0016155960
       660.00000    0.0012489724
       661.00000   0.00096221169
       662.00000   0.00074246875
       663.00000   0.00057106838
       664.00000   0.00043863946
       665.00000   0.00033699514
       666.00000   0.00025774955
       667.00000   0.00019642810
       668.00000   0.00015121553
       669.00000   0.00011530722
       670.00000   8.6927750e-05
       671.00000   6.7440880e-05
       672.00000   5.4713903e-05
       673.00000   4.2623040e-05
       674.00000   3.3578483e-05
       675.00000   2.7495218e-05
       676.00000   2.3562014e-05
       677.00000   1.8303199e-05
       678.00000   1.5446103e-05
       679.00000   1.5485906e-05
       680.00000   1.2718347e-05
       681.00000   1.1140094e-05
       682.00000   9.0972571e-06
       683.00000   9.4219467e-06
       684.00000   1.0568667e-05
       685.00000   7.6568704e-06
       686.00000   1.0713010e-05
       687.00000   5.3193512e-06
       688.00000   7.8234234e-06
       689.00000   6.8531881e-06
       690.00000   8.2420029e-06
       691.00000   5.5249598e-06
       692.00000   5.4416328e-06
       693.00000   8.0608197e-06
       694.00000   5.4169118e-06
       695.00000   7.0676824e-06
       696.00000   6.2796848e-06
       697.00000   6.4136398e-06
       698.00000   4.9537803e-06
       699.00000   4.5978090e-06
       700.00000   6.2272566e-06
       701.00000   7.2050407e-06
       702.00000   7.2569401e-06
       703.00000   6.3211633e-06
       704.00000   5.4120546e-06
       705.00000   6.1399805e-06
       706.00000   7.2259795e-06
       707.00000   4.9314981e-06
       708.00000   5.2609489e-06
       709.00000   8.2542292e-06
       710.00000   3.8223397e-06
       711.00000   6.0085276e-06
       712.00000   5.3822541e-06
       713.00000   5.5493874e-06
       714.00000   6.2363220e-06
       715.00000   5.9994109e-06
       716.00000   5.0252488e-06
       717.00000   4.8642887e-06
       718.00000   5.3260719e-06
       719.00000   5.4245897e-06
       720.00000   6.0424727e-06
       721.00000   3.9630722e-06
       722.00000   4.8524735e-06
       723.00000   3.3144393e-06
       724.00000   7.1076188e-06
       725.00000   7.0816718e-06
       726.00000   7.2343546e-06
       727.00000   3.2959099e-06
       728.00000   8.0026803e-06
       729.00000   6.4869391e-06
       730.00000   5.7522861e-06
       731.00000   5.5140154e-06
       732.00000   4.0869395e-06
       733.00000   5.7186335e-06
       734.00000   3.8276016e-06
       735.00000   5.1856391e-06
       736.00000   3.8101507e-06
       737.00000   5.2137329e-06
       738.00000   5.0405833e-06
       739.00000   3.3964961e-06
       740.00000   4.9878913e-06
       741.00000   7.3339406e-06
       742.00000   7.1675940e-06
       743.00000   6.2189274e-06
       744.00000   5.9412864e-06
       745.00000   4.6910172e-06
       746.00000   6.4997867e-06
       747.00000   6.0373668e-06
       748.00000   7.0597325e-06
       749.00000   5.9693830e-06
       750.00000   4.1270860e-06
       751.00000   6.0705552e-06
       752.00000   5.4590046e-06
       753.00000   6.9928556e-06
       754.00000   5.3943054e-06
       755.00000   3.8266985e-06
       756.00000   5.2546452e-06
       757.00000   6.0300990e-06
       758.00000   4.9755954e-06
       759.00000   7.4668997e-06
       760.00000   5.5247597e-06
       761.00000   6.1634114e-06
       762.00000   5.6898675e-06
       763.00000   5.1641446e-06
       764.00000   7.5731787e-06
       765.00000   4.3528476e-06
       766.00000   6.2953077e-06
       767.00000   5.7716134e-06
       768.00000   6.4235414e-06
       769.00000   6.3781840e-06
       770.00000   7.5829880e-06
       771.00000   7.0028286e-06
       772.00000   7.2860889e-06
       773.00000   5.4119305e-06
       774.00000   5.7715752e-06
       775.00000   5.9622371e-06
       776.00000   6.5157351e-06
       777.00000   6.3323814e-06
       778.00000   6.4039505e-06
       779.00000   5.8729661e-06
       780.00000   6.2027930e-06
       781.00000   5.8283399e-06
       782.00000   5.0783915e-06
       783.00000   5.3323974e-06
       784.00000   4.7412445e-06
       785.00000   7.4827976e-06
       786.00000   8.1577800e-06
       787.00000   5.2742748e-06
       788.00000   5.4495190e-06
       789.00000   6.4672336e-06
       790.00000   4.7346584e-06
       791.00000   1.0399732e-05
       792.00000   8.2244933e-06
       793.00000   8.3982286e-06
       794.00000   1.0478312e-05
       795.00000   1.1399497e-05
       796.00000   1.1099328e-05
       797.00000   1.3642662e-05
       798.00000   1.4151504e-05
       799.00000   1.2716769e-05
       800.00000   2.4450730e-05
       801.00000   2.7702392e-05
       802.00000   3.2129159e-05
       803.00000   6.4407381e-05
       804.00000   6.3393105e-05
       805.00000   3.8105900e-05
       806.00000   5.4169715e-05
       807.00000   4.4628759e-05
       808.00000   2.8575738e-05
       809.00000   4.4242552e-05
       810.00000   6.5016429e-06
       811.00000   3.9658233e-05
       812.00000   2.4319377e-05
       813.00000   1.7151440e-05
       814.00000   2.3250572e-05
       815.00000   1.0000000e-10
       816.00000   1.0000000e-10
       817.00000   5.3392403e-05
       818.00000   3.8031918e-05
       819.00000   1.3593262e-05
       820.00000   3.9291735e-05
       821.00000   4.3899578e-05
       822.00000   2.1837664e-05
       823.00000   3.2228014e-05
       824.00000   1.6246244e-05
       825.00000   1.6426631e-05
       826.00000   2.9752444e-05
       827.00000   4.2148637e-05
       828.00000   6.5985354e-05
       829.00000   1.6425622e-05
       830.00000   4.3859927e-05
       831.00000   4.2880689e-05
       832.00000   7.1472561e-05
       833.00000   8.2009588e-05
       834.00000   5.9151658e-05
       835.00000   1.0000000e-10
       836.00000   4.7211724e-05
       837.00000   5.6536308e-05
       838.00000   5.2467527e-05
       839.00000   5.5097727e-05
       840.00000   3.9643517e-05
       841.00000   7.4250012e-05
       842.00000   6.2279192e-05
       843.00000   3.0069818e-05
       844.00000   7.8304365e-05
       845.00000   6.4632863e-05
       846.00000   6.3482119e-05
       847.00000   9.7544864e-05
       848.00000   6.7955014e-05
       849.00000   6.6447443e-05
       850.00000   6.8907859e-05
       851.00000   4.2918087e-05
       852.00000   6.3079620e-05
       853.00000   3.1277781e-05
       854.00000   4.7741960e-05
       855.00000   0.00010823675
       856.00000   1.9486801e-05
       857.00000   5.8466390e-05
       858.00000   9.2467089e-05
       859.00000   6.8305846e-05
       860.00000   6.3843567e-05
       861.00000   3.9537932e-05
       862.00000   4.4616514e-05
       863.00000   0.00012005876
       864.00000   8.3344050e-05
       865.00000   4.8135083e-05
       866.00000   5.1260584e-05
       867.00000   0.00011333124
       868.00000   9.0119982e-05
       869.00000   0.00014972693
       870.00000   0.00015983537
       871.00000   0.00017817700
       872.00000   0.00020816388
       873.00000   0.00020605106
       874.00000   0.00019706514
       875.00000   0.00020702845
       876.00000   0.00015030589
       877.00000   0.00015722765
       878.00000   0.00011226252
       879.00000   0.00012737744
       880.00000   7.5158976e-05
       881.00000   7.7144636e-05
       882.00000   6.3904161e-05
       883.00000   7.2081588e-05
       884.00000   6.0873015e-05
       885.00000   1.1577222e-05
       886.00000   4.0991319e-05
       887.00000   8.6421285e-05
       888.00000   3.5246021e-06
       889.00000   3.3408767e-05
       890.00000   2.8697767e-05
       891.00000   3.5976416e-05
       892.00000   2.6025044e-05
       893.00000   3.4113222e-05
       894.00000   9.8921837e-06
       895.00000   6.3447063e-05
       896.00000   1.5878813e-05
       897.00000   6.6552515e-05
       898.00000   2.6264535e-05
       899.00000   2.5724701e-05
       900.00000   7.1745933e-05
       901.00000   2.4459832e-05
       902.00000   2.5883586e-05
       903.00000   4.1853036e-05
       904.00000   3.1273935e-06
       905.00000   3.4369132e-05
       906.00000   1.7639515e-05
       907.00000   0.00011032963
       908.00000   4.3524891e-05
       909.00000   7.5671691e-05
       910.00000   8.9958055e-05
       911.00000   0.00012587296
       912.00000   9.9030178e-05
       913.00000   0.00010920669
       914.00000   8.9849476e-05
       915.00000   3.7833004e-05
       916.00000   7.3361145e-05
       917.00000   4.0713629e-05
       918.00000   6.8238907e-05
       919.00000   1.2308271e-07
       920.00000   1.0000000e-10
       921.00000   1.4410815e-05
       922.00000   3.7272679e-05
       923.00000   2.6999367e-05
       924.00000   1.0183709e-05
       925.00000   5.9516351e-05
       926.00000   9.5198911e-06
       927.00000   2.1476784e-05
       928.00000   4.9659189e-05
       929.00000   1.7567134e-05
       930.00000   4.3832923e-05
       931.00000   5.3099393e-05
       932.00000   1.0000000e-10
       933.00000   3.1282277e-06
       934.00000   5.0477112e-05
       935.00000   2.2979750e-05
       936.00000   1.1637439e-05
       937.00000   3.3622640e-05
       938.00000   1.0000000e-10
       939.00000   1.0000000e-10
       940.00000   1.0000000e-10
       941.00000   4.5400149e-05
       942.00000   3.8365681e-05
       943.00000   2.7090618e-05
       944.00000   2.8146307e-05
       945.00000   4.1546467e-05
       946.00000   2.3645358e-05
       947.00000   7.2062198e-07
       948.00000   1.0000000e-10
       949.00000   7.6704600e-06
       950.00000   4.0044808e-05
       951.00000   2.9649853e-05
       952.00000   2.1952312e-05
       953.00000   5.0450017e-05
       954.00000   1.0000000e-10
       955.00000   2.0649270e-05
       956.00000   5.4869168e-05
       957.00000   2.7387143e-05
       958.00000   4.7835878e-05
       959.00000   2.8883796e-05
       960.00000   4.4005264e-06
       961.00000   7.8336607e-06
       962.00000   1.0000000e-10
       963.00000   1.0441802e-05
       964.00000   1.5007394e-05
       965.00000   2.5125129e-05
       966.00000   3.1635871e-05
       967.00000   2.6583582e-05
       968.00000   2.8827368e-05
       969.00000   1.0000000e-10
       970.00000   1.6775784e-05
       971.00000   4.3306663e-05
       972.00000   2.7242020e-05
       973.00000   4.6641981e-05
       974.00000   9.2966620e-06
       975.00000   6.7604349e-05
       976.00000   3.7941827e-05
       977.00000   7.2331160e-05
       978.00000   7.8737321e-05
       979.00000   7.5778778e-05
       980.00000   7.8598088e-05
       981.00000   9.4359748e-05
       982.00000   0.00012720611
       983.00000   0.00012129090
       984.00000   0.00016211088
       985.00000   0.00013586547
       986.00000   0.00013340186
       987.00000   0.00017127476
       988.00000   0.00015412307
       989.00000   0.00017942222
       990.00000   0.00017062739
       991.00000   0.00015132275
       992.00000   0.00011061389
       993.00000   0.00014769389
       994.00000   0.00015906419
       995.00000   0.00014453368
       996.00000   0.00010471871
       997.00000   0.00012936069
       998.00000   9.6238713e-05
       999.00000   0.00010836588
       1000.0000   0.00014487655
       1001.0000   0.00010848755
       1002.0000   0.00010751672
       1003.0000   9.2887341e-05
       1004.0000   4.8144600e-05
       1005.0000   8.0400394e-05
       1006.0000   0.00010457434
       1007.0000   9.2801100e-05
       1008.0000   8.3251311e-05
       1009.0000   4.4446260e-05
       1010.0000   0.00012067402
       1011.0000   8.5359250e-05
       1012.0000   9.3817398e-05
       1013.0000   8.8046319e-05
       1014.0000   8.9313922e-05
       1015.0000   5.1162580e-05
       1016.0000   7.4805874e-05
       1017.0000   7.7887293e-05
       1018.0000   6.8741159e-05
       1019.0000   0.00010018452
       1020.0000   0.00012025494
       1021.0000   9.8735203e-05
       1022.0000   7.0951908e-05
       1023.0000   0.00013058582
       1024.0000   0.00010458233
       1025.0000   0.00012456172
       1026.0000   0.00011349873
       1027.0000   0.00012361177
       1028.0000   0.00012071762
       1029.0000   0.00018797777
       1030.0000   0.00019261090
       1031.0000   0.00017146998
       1032.0000   0.00025333272
       1033.0000   0.00023224165
       1034.0000   0.00026225258
       1035.0000   0.00027057977
       1036.0000   0.00025009207
       1037.0000   0.00025425313
       1038.0000   0.00015047000
       1039.0000   0.00014471296
       1040.0000   0.00013900659
       1041.0000   8.7935121e-05
       1042.0000   0.00014091525
       1043.0000   8.3444400e-05
       1044.0000   0.00010274027
       1045.0000   0.00010144516
       1046.0000   8.5949185e-05
       1047.0000   6.4882290e-05
       1048.0000   9.4351664e-05
       1049.0000   5.4709813e-05
       1050.0000   6.5826083e-05
       1051.0000   5.8851725e-05
       1052.0000   2.1275226e-05
       1053.0000   3.7441670e-05
       1054.0000   4.7874764e-05
       1055.0000   7.8874291e-05
       1056.0000   6.9775095e-05
       1057.0000   5.0496514e-05
       1058.0000   3.1589530e-05
       1059.0000   4.1653802e-05
       1060.0000   5.5393797e-05
       1061.0000   7.2335999e-05
       1062.0000   5.2416337e-05
       1063.0000   5.6360914e-05
       1064.0000   6.5218905e-05
       1065.0000   3.8155511e-05
       1066.0000   7.9383928e-05
       1067.0000   4.9956026e-05
       1068.0000   1.2146581e-05
       1069.0000   4.3440003e-05
       1070.0000   2.2154300e-05
       1071.0000   4.0263130e-05
       1072.0000   7.4522395e-05
       1073.0000   4.0941795e-05
       1074.0000   9.8100907e-05
       1075.0000   9.5790994e-05
       1076.0000   3.7854279e-05
       1077.0000   8.2641585e-05
       1078.0000   8.9386805e-05
       1079.0000   6.1749328e-05
       1080.0000   0.00010743926
       1081.0000   8.0540965e-05
       1082.0000   9.9770899e-05
       1083.0000   7.2843373e-05
       1084.0000   0.00010371526
       1085.0000   0.00010583570
       1086.0000   0.00013093332
       1087.0000   0.00010206633
       1088.0000   0.00015281969
       1089.0000   0.00017526762
       1090.0000   0.00013990639
       1091.0000   0.00017062617
       1092.0000   0.00020302365
       1093.0000   0.00025135314
       1094.0000   0.00029496397
       1095.0000   0.00039823409
       1096.0000   0.00039229103
       1097.0000   0.00055762159
       1098.0000   0.00067998114
       1099.0000   0.00090786628
       1100.0000    0.0011774078
       1101.0000    0.0015513203
       1102.0000    0.0021759367
       1103.0000    0.0030491282
       1104.0000    0.0043635089
       1105.0000    0.0062708007
       1106.0000    0.0086842850
       1107.0000     0.011074251
       1108.0000     0.012621028
       1109.0000     0.012605670
       1110.0000     0.011310823
       1111.0000    0.0095691765
       1112.0000    0.0079016136
       1113.0000    0.0066132583
       1114.0000    0.0055852905
       1115.0000    0.0048685069
       1116.0000    0.0043624979
       1117.0000    0.0039931182
       1118.0000    0.0036747698
       1119.0000    0.0034994490
       1120.0000    0.0033450555
       1121.0000    0.0032835207
       1122.0000    0.0032287517
       1123.0000    0.0032114594
       1124.0000    0.0032702233
       1125.0000    0.0034174852
       1126.0000    0.0035007035
       1127.0000    0.0036345092
       1128.0000    0.0038355000
       1129.0000    0.0041108551
       1130.0000    0.0043983334
       1131.0000    0.0047141900
       1132.0000    0.0051266272
       1133.0000    0.0056242002
       1134.0000    0.0062320065
       1135.0000    0.0069794934
       1136.0000    0.0077963611
       1137.0000    0.0088325078
       1138.0000     0.010044547
       1139.0000     0.011492832
       1140.0000     0.013372328
       1141.0000     0.015692152
       1142.0000     0.018337429
       1143.0000     0.021632720
       1144.0000     0.025770569
       1145.0000     0.030808907
       1146.0000     0.037133910
       1147.0000     0.045070935
       1148.0000     0.054621361
       1149.0000     0.065793291
       1150.0000     0.079462104
       1151.0000     0.095317490
       1152.0000      0.11278248
       1153.0000      0.13305727
       1154.0000      0.15390702
       1155.0000      0.17411298
       1156.0000      0.19370899
       1157.0000      0.21209924
       1158.0000      0.22797799
       1159.0000      0.24245687
       1160.0000      0.25553349
       1161.0000      0.26696166
       1162.0000      0.27840963
       1163.0000      0.29013887
       1164.0000      0.30292290
       1165.0000      0.31730556
       1166.0000      0.33421248
       1167.0000      0.35375339
       1168.0000      0.37538716
       1169.0000      0.40059441
       1170.0000      0.42940629
       1171.0000      0.46104842
       1172.0000      0.49688363
       1173.0000      0.53650570
       1174.0000      0.57624972
       1175.0000      0.61755341
       1176.0000      0.65897495
       1177.0000      0.69785893
       1178.0000      0.73393017
       1179.0000      0.76513612
       1180.0000      0.78895563
       1181.0000      0.80586451
       1182.0000      0.81610674
       1183.0000      0.82011694
       1184.0000      0.81883347
       1185.0000      0.81361389
       1186.0000      0.80562353
       1187.0000      0.79681146
       1188.0000      0.78749871
       1189.0000      0.77852386
       1190.0000      0.77109057
       1191.0000      0.76496083
       1192.0000      0.76072472
       1193.0000      0.75850624
       1194.0000      0.75820184
       1195.0000      0.75964344
       1196.0000      0.76269281
       1197.0000      0.76703066
       1198.0000      0.77257955
       1199.0000      0.77855921
       1200.0000      0.78463614
       1201.0000      0.79057360
       1202.0000      0.79593045
       1203.0000      0.80007631
       1204.0000      0.80294722
       1205.0000      0.80409431
       1206.0000      0.80333549
       1207.0000      0.80080390
       1208.0000      0.79640019
       1209.0000      0.79034847
       1210.0000      0.78314650
       1211.0000      0.77464682
       1212.0000      0.76568484
       1213.0000      0.75657320
       1214.0000      0.74749041
       1215.0000      0.73888141
       1216.0000      0.73123175
       1217.0000      0.72438967
       1218.0000      0.71887934
       1219.0000      0.71510935
       1220.0000      0.71292007
       1221.0000      0.71244377
       1222.0000      0.71374738
       1223.0000      0.71703786
       1224.0000      0.72252065
       1225.0000      0.72949171
       1226.0000      0.73836726
       1227.0000      0.74907511
       1228.0000      0.76128161
       1229.0000      0.77480012
       1230.0000      0.78974783
       1231.0000      0.80572236
       1232.0000      0.82118255
       1233.0000      0.83684719
       1234.0000      0.85195893
       1235.0000      0.86534166
       1236.0000      0.87753057
       1237.0000      0.88710815
       1238.0000      0.89343810
       1239.0000      0.89667118
       1240.0000      0.89640898
       1241.0000      0.89263016
       1242.0000      0.88534558
       1243.0000      0.87458467
       1244.0000      0.86137736
       1245.0000      0.84618032
       1246.0000      0.82917887
       1247.0000      0.81070018
       1248.0000      0.79212546
       1249.0000      0.77312124
       1250.0000      0.75424606
       1251.0000      0.73731267
       1252.0000      0.72102958
       1253.0000      0.70621854
       1254.0000      0.69334579
       1255.0000      0.68198764
       1256.0000      0.67256051
       1257.0000      0.66545713
       1258.0000      0.66052967
       1259.0000      0.65775639
       1260.0000      0.65715343
       1261.0000      0.65882427
       1262.0000      0.66285920
       1263.0000      0.66933233
       1264.0000      0.67775822
       1265.0000      0.68848640
       1266.0000      0.70185131
       1267.0000      0.71673828
       1268.0000      0.73441249
       1269.0000      0.75426561
       1270.0000      0.77470231
       1271.0000      0.79642171
       1272.0000      0.81904626
       1273.0000      0.84128451
       1274.0000      0.86277860
       1275.0000      0.88269728
       1276.0000      0.89964592
       1277.0000      0.91188747
       1278.0000      0.91944146
       1279.0000      0.92101645
       1280.0000      0.91628999
       1281.0000      0.90440893
       1282.0000      0.88549203
       1283.0000      0.86164868
       1284.0000      0.83233762
       1285.0000      0.79875433
       1286.0000      0.76312178
       1287.0000      0.72494680
       1288.0000      0.68528599
       1289.0000      0.64752114
       1290.0000      0.61125827
       1291.0000      0.57653517
       1292.0000      0.54317558
       1293.0000      0.51273566
       1294.0000      0.48375946
       1295.0000      0.45702839
       1296.0000      0.43395683
       1297.0000      0.41217464
       1298.0000      0.39257982
       1299.0000      0.37549126
       1300.0000      0.35959828
       1301.0000      0.34537387
       1302.0000      0.33304873
       1303.0000      0.32253659
       1304.0000      0.31298390
       1305.0000      0.30502662
       1306.0000      0.29817444
       1307.0000      0.29214096
       1308.0000      0.28744757
       1309.0000      0.28384367
       1310.0000      0.28110486
       1311.0000      0.27926841
       1312.0000      0.27840969
       1313.0000      0.27841145
       1314.0000      0.27930149
       1315.0000      0.28104544
       1316.0000      0.28370988
       1317.0000      0.28729439
       1318.0000      0.29169935
       1319.0000      0.29712272
       1320.0000      0.30362806
       1321.0000      0.31106171
       1322.0000      0.31938037
       1323.0000      0.32891002
       1324.0000      0.33973143
       1325.0000      0.35136986
       1326.0000      0.36495167
       1327.0000      0.37973058
       1328.0000      0.39536855
       1329.0000      0.41264421
       1330.0000      0.43200624
       1331.0000      0.45201582
       1332.0000      0.47458598
       1333.0000      0.49887049
       1334.0000      0.52377379
       1335.0000      0.55043018
       1336.0000      0.57865900
       1337.0000      0.60792190
       1338.0000      0.63819766
       1339.0000      0.66941839
       1340.0000      0.70141429
       1341.0000      0.73148972
       1342.0000      0.76158386
       1343.0000      0.79068744
       1344.0000      0.81710893
       1345.0000      0.84214747
       1346.0000      0.86422634
       1347.0000      0.88225263
       1348.0000      0.89712602
       1349.0000      0.90831560
       1350.0000      0.91534609
       1351.0000      0.91902244
       1352.0000      0.91911244
       1353.0000      0.91615075
       1354.0000      0.91033906
       1355.0000      0.90210396
       1356.0000      0.89192510
       1357.0000      0.88053870
       1358.0000      0.86803091
       1359.0000      0.85461122
       1360.0000      0.84188074
       1361.0000      0.82695723
       1362.0000      0.81202376
       1363.0000      0.79909170
       1364.0000      0.78626186
       1365.0000      0.77315509
       1366.0000      0.76155388
       1367.0000      0.75100476
       1368.0000      0.73995113
       1369.0000      0.73020506
       1370.0000      0.72167253
       1371.0000      0.71305197
       1372.0000      0.70525461
       1373.0000      0.69877011
       1374.0000      0.69278538
       1375.0000      0.68719918
       1376.0000      0.68217039
       1377.0000      0.67782670
       1378.0000      0.67376375
       1379.0000      0.67061341
       1380.0000      0.66706693
       1381.0000      0.66450870
       1382.0000      0.66171837
       1383.0000      0.65989023
       1384.0000      0.65803367
       1385.0000      0.65667552
       1386.0000      0.65543950
       1387.0000      0.65437537
       1388.0000      0.65343779
       1389.0000      0.65297163
       1390.0000      0.65272564
       1391.0000      0.65241879
       1392.0000      0.65224665
       1393.0000      0.65232962
       1394.0000      0.65240586
       1395.0000      0.65251070
       1396.0000      0.65299976
       1397.0000      0.65421969
       1398.0000      0.65519804
       1399.0000      0.65630955
       1400.0000      0.65786201
       1401.0000      0.65995723
       1402.0000      0.66247940
       1403.0000      0.66458428
       1404.0000      0.66755414
       1405.0000      0.67098022
       1406.0000      0.67477882
       1407.0000      0.67896241
       1408.0000      0.68356270
       1409.0000      0.68881148
       1410.0000      0.69503212
       1411.0000      0.70129836
       1412.0000      0.70777798
       1413.0000      0.71497554
       1414.0000      0.72283363
       1415.0000      0.73143107
       1416.0000      0.74034947
       1417.0000      0.74964023
       1418.0000      0.75935382
       1419.0000      0.76984745
       1420.0000      0.78093272
       1421.0000      0.79182607
       1422.0000      0.80312508
       1423.0000      0.81514174
       1424.0000      0.82677329
       1425.0000      0.83870083
       1426.0000      0.85041744
       1427.0000      0.86196768
       1428.0000      0.87342960
       1429.0000      0.88465124
       1430.0000      0.89505774
       1431.0000      0.90455276
       1432.0000      0.91359425
       1433.0000      0.92161560
       1434.0000      0.92842799
       1435.0000      0.93430191
       1436.0000      0.93883699
       1437.0000      0.94175684
       1438.0000      0.94359750
       1439.0000      0.94393855
       1440.0000      0.94285411
       1441.0000      0.94031107
       1442.0000      0.93635124
       1443.0000      0.93121094
       1444.0000      0.92510951
       1445.0000      0.91773391
       1446.0000      0.90915895
       1447.0000      0.90000814
       1448.0000      0.89026099
       1449.0000      0.87971759
       1450.0000      0.86918122
       1451.0000      0.85780519
       1452.0000      0.84643400
       1453.0000      0.83550501
       1454.0000      0.82411206
       1455.0000      0.81279331
       1456.0000      0.80216479
       1457.0000      0.79196268
       1458.0000      0.78203773
       1459.0000      0.77272666
       1460.0000      0.76387078
       1461.0000      0.75528508
       1462.0000      0.74767607
       1463.0000      0.74083745
       1464.0000      0.73457831
       1465.0000      0.72891951
       1466.0000      0.72411126
       1467.0000      0.71985722
       1468.0000      0.71642524
       1469.0000      0.71375734
       1470.0000      0.71174508
       1471.0000      0.71052951
       1472.0000      0.71000779
       1473.0000      0.71020520
       1474.0000      0.71117908
       1475.0000      0.71282184
       1476.0000      0.71498883
       1477.0000      0.71802139
       1478.0000      0.72164750
       1479.0000      0.72559220
       1480.0000      0.73048025
       1481.0000      0.73591018
       1482.0000      0.74160773
       1483.0000      0.74775600
       1484.0000      0.75439829
       1485.0000      0.76122248
       1486.0000      0.76856756
       1487.0000      0.77633369
       1488.0000      0.78382909
       1489.0000      0.79150200
       1490.0000      0.79920465
       1491.0000      0.80683577
       1492.0000      0.81428176
       1493.0000      0.82160538
       1494.0000      0.82865626
       1495.0000      0.83484304
       1496.0000      0.84082228
       1497.0000      0.84625143
       1498.0000      0.85076338
       1499.0000      0.85479832
       1500.0000      0.85798740
       1501.0000      0.86029619
       1502.0000      0.86179000
       1503.0000      0.86242020
       1504.0000      0.86211216
       1505.0000      0.86101055
       1506.0000      0.85903990
       1507.0000      0.85622251
       1508.0000      0.85282737
       1509.0000      0.84860069
       1510.0000      0.84372485
       1511.0000      0.83844084
       1512.0000      0.83248693
       1513.0000      0.82607538
       1514.0000      0.81974101
       1515.0000      0.81290418
       1516.0000      0.80598438
       1517.0000      0.79918891
       1518.0000      0.79208851
       1519.0000      0.78507012
       1520.0000      0.77838612
       1521.0000      0.77203941
       1522.0000      0.76587903
       1523.0000      0.75990695
       1524.0000      0.75445533
       1525.0000      0.74925983
       1526.0000      0.74451554
       1527.0000      0.74048585
       1528.0000      0.73680371
       1529.0000      0.73361170
       1530.0000      0.73114383
       1531.0000      0.72906327
       1532.0000      0.72757685
       1533.0000      0.72675335
       1534.0000      0.72647482
       1535.0000      0.72682071
       1536.0000      0.72773147
       1537.0000      0.72942716
       1538.0000      0.73149985
       1539.0000      0.73447788
       1540.0000      0.73778921
       1541.0000      0.74186283
       1542.0000      0.74646568
       1543.0000      0.75154203
       1544.0000      0.75744468
       1545.0000      0.76390761
       1546.0000      0.77056563
       1547.0000      0.77790105
       1548.0000      0.78564543
       1549.0000      0.79376340
       1550.0000      0.80228072
       1551.0000      0.81152886
       1552.0000      0.82071209
       1553.0000      0.82995450
       1554.0000      0.83932555
       1555.0000      0.84908032
       1556.0000      0.85828251
       1557.0000      0.86787421
       1558.0000      0.87756163
       1559.0000      0.88623410
       1560.0000      0.89485818
       1561.0000      0.90308726
       1562.0000      0.91049379
       1563.0000      0.91740155
       1564.0000      0.92374206
       1565.0000      0.92895001
       1566.0000      0.93323493
       1567.0000      0.93669921
       1568.0000      0.93921286
       1569.0000      0.94047141
       1570.0000      0.94081008
       1571.0000      0.94002700
       1572.0000      0.93827927
       1573.0000      0.93542081
       1574.0000      0.93154907
       1575.0000      0.92687714
       1576.0000      0.92116493
       1577.0000      0.91441745
       1578.0000      0.90745199
       1579.0000      0.89963561
       1580.0000      0.89128387
       1581.0000      0.88253719
       1582.0000      0.87343764
       1583.0000      0.86383134
       1584.0000      0.85397923
       1585.0000      0.84455413
       1586.0000      0.83488691
       1587.0000      0.82516599
       1588.0000      0.81585711
       1589.0000      0.80627888
       1590.0000      0.79708207
       1591.0000      0.78847259
       1592.0000      0.78028625
       1593.0000      0.77221656
       1594.0000      0.76472127
       1595.0000      0.75765318
       1596.0000      0.75094903
       1597.0000      0.74496257
       1598.0000      0.73951006
       1599.0000      0.73468363
       1600.0000      0.73021978
